Datetime,Hashrate
Datetime,Hashrate
2025-01-01 08:00:00,3.498
2025-01-01 09:00:00,3.467
2025-01-01 10:00:00,3.370
2025-01-01 11:00:00,3.386
2025-01-01 12:00:00,3.392
2025-01-01 13:00:00,3.390
2025-01-01 14:00:00,3.408
2025-01-01 15:00:00,3.412
2025-01-01 16:00:00,3.392
2025-01-01 17:00:00,3.423
2025-01-01 18:00:00,3.523
2025-01-01 19:00:00,3.545
2025-01-01 20:00:00,3.671
2025-01-01 21:00:00,3.644
2025-01-01 22:00:00,3.650
2025-01-01 23:00:00,3.723
2025-01-02 00:00:00,3.695
2025-01-02 01:00:00,3.731
2025-01-02 02:00:00,3.674
2025-01-02 03:00:00,3.627
2025-01-02 04:00:00,3.757
2025-01-02 05:00:00,3.742
2025-01-02 06:00:00,3.764
2025-01-02 07:00:00,3.747
2025-01-02 08:00:00,3.686
2025-01-02 09:00:00,3.641
2025-01-02 10:00:00,3.664
2025-01-02 11:00:00,3.651
2025-01-02 12:00:00,3.670
2025-01-02 13:00:00,3.665
2025-01-02 14:00:00,3.636
2025-01-02 15:00:00,3.611
2025-01-02 16:00:00,3.589
2025-01-02 17:00:00,3.534
2025-01-02 18:00:00,3.559
2025-01-02 19:00:00,3.563
2025-01-02 20:00:00,3.537
2025-01-02 21:00:00,3.567
2025-01-02 22:00:00,3.540
2025-01-02 23:00:00,3.558
2025-01-03 00:00:00,3.472
2025-01-03 01:00:00,3.451
2025-01-03 02:00:00,3.476
2025-01-03 03:00:00,3.376
2025-01-03 04:00:00,3.384
2025-01-03 05:00:00,3.393
2025-01-03 06:00:00,3.445
2025-01-03 07:00:00,3.444
2025-01-03 08:00:00,3.396
2025-01-03 09:00:00,3.383
2025-01-03 10:00:00,3.360
2025-01-03 11:00:00,3.382
2025-01-03 12:00:00,3.368
2025-01-03 13:00:00,3.355
2025-01-03 14:00:00,3.335
2025-01-03 15:00:00,3.311
2025-01-03 16:00:00,3.301
2025-01-03 17:00:00,3.314
2025-01-03 18:00:00,3.257
2025-01-03 19:00:00,3.244
2025-01-03 20:00:00,3.196
2025-01-03 21:00:00,3.243
2025-01-03 22:00:00,3.211
2025-01-03 23:00:00,3.241
2025-01-04 00:00:00,3.323
2025-01-04 01:00:00,3.260
2025-01-04 02:00:00,3.260
2025-01-04 03:00:00,3.251
2025-01-04 04:00:00,3.214
2025-01-04 05:00:00,3.271
2025-01-04 06:00:00,3.302
2025-01-04 07:00:00,3.304
2025-01-04 08:00:00,3.313
2025-01-04 09:00:00,3.374
2025-01-04 10:00:00,3.420
2025-01-04 11:00:00,3.401
2025-01-04 12:00:00,3.478
2025-01-04 13:00:00,3.485
2025-01-04 14:00:00,3.607
2025-01-04 15:00:00,3.633
2025-01-04 16:00:00,3.599
2025-01-04 17:00:00,3.613
2025-01-04 18:00:00,3.580
2025-01-04 19:00:00,3.579
2025-01-04 20:00:00,3.578
2025-01-04 21:00:00,3.597
2025-01-04 22:00:00,3.550
2025-01-04 23:00:00,3.574
2025-01-05 00:00:00,3.597
2025-01-05 01:00:00,3.556
2025-01-05 02:00:00,3.492
2025-01-05 03:00:00,3.482
2025-01-05 04:00:00,3.492
2025-01-05 05:00:00,3.497
2025-01-05 06:00:00,3.439
2025-01-05 07:00:00,3.389
2025-01-05 08:00:00,3.405
2025-01-05 09:00:00,3.378
2025-01-05 10:00:00,3.395
2025-01-05 11:00:00,3.320
2025-01-05 12:00:00,3.445
2025-01-05 13:00:00,3.407
2025-01-05 14:00:00,3.442
2025-01-05 15:00:00,3.494
2025-01-05 16:00:00,3.485
2025-01-05 17:00:00,3.429
2025-01-05 18:00:00,3.418
2025-01-05 19:00:00,3.445
2025-01-05 20:00:00,3.334
2025-01-05 21:00:00,3.353
2025-01-05 22:00:00,3.345
2025-01-05 23:00:00,3.359
2025-01-06 00:00:00,3.353
2025-01-06 01:00:00,3.369
2025-01-06 02:00:00,3.427
2025-01-06 03:00:00,3.437
2025-01-06 04:00:00,3.387
2025-01-06 05:00:00,3.421
2025-01-06 06:00:00,3.403
2025-01-06 07:00:00,3.447
2025-01-06 08:00:00,3.446
2025-01-06 09:00:00,3.510
2025-01-06 10:00:00,3.456
2025-01-06 11:00:00,3.542
2025-01-06 12:00:00,3.508
2025-01-06 13:00:00,3.582
2025-01-06 14:00:00,3.674
2025-01-06 15:00:00,3.674
2025-01-06 16:00:00,3.689
2025-01-06 17:00:00,3.751
2025-01-06 18:00:00,3.755
2025-01-06 19:00:00,3.798
2025-01-06 20:00:00,3.813
2025-01-06 21:00:00,3.788
2025-01-06 22:00:00,3.718
2025-01-06 23:00:00,3.731
2025-01-07 00:00:00,3.732
2025-01-07 01:00:00,3.639
2025-01-07 02:00:00,3.659
2025-01-07 03:00:00,3.615
2025-01-07 04:00:00,3.595
2025-01-07 05:00:00,3.547
2025-01-07 06:00:00,3.540
2025-01-07 07:00:00,3.470
2025-01-07 08:00:00,3.494
2025-01-07 09:00:00,3.478
2025-01-07 10:00:00,3.515
2025-01-07 11:00:00,3.526
2025-01-07 12:00:00,3.564
2025-01-07 13:00:00,3.569
2025-01-07 14:00:00,3.483
2025-01-07 15:00:00,3.444
2025-01-07 16:00:00,3.410
2025-01-07 17:00:00,3.424
2025-01-07 18:00:00,3.432
2025-01-07 19:00:00,3.503
2025-01-07 20:00:00,3.449
2025-01-07 21:00:00,3.499
2025-01-07 22:00:00,3.482
2025-01-07 23:00:00,3.545
2025-01-08 00:00:00,3.450
2025-01-08 01:00:00,3.518
2025-01-08 02:00:00,3.462
2025-01-08 03:00:00,3.527
2025-01-08 04:00:00,3.550
2025-01-08 05:00:00,3.548
2025-01-08 06:00:00,3.562
2025-01-08 07:00:00,3.567
2025-01-08 08:00:00,3.474
2025-01-08 09:00:00,3.447
2025-01-08 10:00:00,3.597
2025-01-08 11:00:00,3.540
2025-01-08 12:00:00,3.647
2025-01-08 13:00:00,3.676
2025-01-08 14:00:00,3.630
2025-01-08 15:00:00,3.664
2025-01-08 16:00:00,3.671
2025-01-08 17:00:00,3.741
2025-01-08 18:00:00,3.747
2025-01-08 19:00:00,3.704
2025-01-08 20:00:00,3.741
2025-01-08 21:00:00,3.661
2025-01-08 22:00:00,3.659
2025-01-08 23:00:00,3.600
2025-01-09 00:00:00,3.556
2025-01-09 01:00:00,3.542
2025-01-09 02:00:00,3.513
2025-01-09 03:00:00,3.468
2025-01-09 04:00:00,3.510
2025-01-09 05:00:00,3.584
2025-01-09 06:00:00,3.539
2025-01-09 07:00:00,3.581
2025-01-09 08:00:00,3.550
2025-01-09 09:00:00,3.527
2025-01-09 10:00:00,3.534
2025-01-09 11:00:00,3.565
2025-01-09 12:00:00,3.610
2025-01-09 13:00:00,3.563
2025-01-09 14:00:00,3.535
2025-01-09 15:00:00,3.608
2025-01-09 16:00:00,3.633
2025-01-09 17:00:00,3.721
2025-01-09 18:00:00,3.717
2025-01-09 19:00:00,3.757
2025-01-09 20:00:00,3.668
2025-01-09 21:00:00,3.715
2025-01-09 22:00:00,3.769
2025-01-09 23:00:00,3.777
2025-01-10 00:00:00,3.711
2025-01-10 01:00:00,3.680
2025-01-10 02:00:00,3.720
2025-01-10 03:00:00,3.655
2025-01-10 04:00:00,3.636
2025-01-10 05:00:00,3.644
2025-01-10 06:00:00,3.703
2025-01-10 07:00:00,3.683
2025-01-10 08:00:00,3.686
2025-01-10 09:00:00,3.693
2025-01-10 10:00:00,3.774
2025-01-10 11:00:00,3.685
2025-01-10 12:00:00,3.685
2025-01-10 13:00:00,3.793
2025-01-10 14:00:00,3.801
2025-01-10 15:00:00,3.882
2025-01-10 16:00:00,3.893
2025-01-10 17:00:00,3.838
2025-01-10 18:00:00,3.923
2025-01-10 19:00:00,3.995
2025-01-10 20:00:00,4.098
2025-01-10 21:00:00,4.095
2025-01-10 22:00:00,4.087
2025-01-10 23:00:00,4.063
2025-01-11 00:00:00,4.071
2025-01-11 01:00:00,4.016
2025-01-11 02:00:00,4.035
2025-01-11 03:00:00,4.026
2025-01-11 04:00:00,4.058
2025-01-11 05:00:00,4.079
2025-01-11 06:00:00,4.038
2025-01-11 07:00:00,4.066
2025-01-11 08:00:00,4.027
2025-01-11 09:00:00,3.984
2025-01-11 10:00:00,3.981
2025-01-11 11:00:00,4.017
2025-01-11 12:00:00,3.966
2025-01-11 13:00:00,3.927
2025-01-11 14:00:00,3.895
2025-01-11 15:00:00,3.937
2025-01-11 16:00:00,3.925
2025-01-11 17:00:00,3.869
2025-01-11 18:00:00,3.870
2025-01-11 19:00:00,3.872
2025-01-11 20:00:00,3.888
2025-01-11 21:00:00,3.908
2025-01-11 22:00:00,3.900
2025-01-11 23:00:00,3.852
2025-01-12 00:00:00,3.776
2025-01-12 01:00:00,3.746
2025-01-12 02:00:00,3.695
2025-01-12 03:00:00,3.665
2025-01-12 04:00:00,3.725
2025-01-12 05:00:00,3.713
2025-01-12 06:00:00,3.778
2025-01-12 07:00:00,3.646
2025-01-12 08:00:00,3.708
2025-01-12 09:00:00,3.770
2025-01-12 10:00:00,3.765
2025-01-12 11:00:00,3.766
2025-01-12 12:00:00,3.708
2025-01-12 13:00:00,3.653
2025-01-12 14:00:00,3.634
2025-01-12 15:00:00,3.635
2025-01-12 16:00:00,3.642
2025-01-12 17:00:00,3.598
2025-01-12 18:00:00,3.675
2025-01-12 19:00:00,3.716
2025-01-12 20:00:00,3.729
2025-01-12 21:00:00,3.838
2025-01-12 22:00:00,3.762
2025-01-12 23:00:00,3.838
2025-01-13 00:00:00,3.789
2025-01-13 01:00:00,3.794
2025-01-13 02:00:00,3.804
2025-01-13 03:00:00,3.831
2025-01-13 04:00:00,3.801
2025-01-13 05:00:00,3.779
2025-01-13 06:00:00,3.844
2025-01-13 07:00:00,3.851
2025-01-13 08:00:00,3.904
2025-01-13 09:00:00,3.910
2025-01-13 10:00:00,3.891
2025-01-13 11:00:00,3.862
2025-01-13 12:00:00,3.908
2025-01-13 13:00:00,3.932
2025-01-13 14:00:00,3.804
2025-01-13 15:00:00,3.796
2025-01-13 16:00:00,3.764
2025-01-13 17:00:00,3.784
2025-01-13 18:00:00,3.690
2025-01-13 19:00:00,3.659
2025-01-13 20:00:00,3.615
2025-01-13 21:00:00,3.631
2025-01-13 22:00:00,3.615
2025-01-13 23:00:00,3.586
2025-01-14 00:00:00,3.590
2025-01-14 01:00:00,3.578
2025-01-14 02:00:00,3.591
2025-01-14 03:00:00,3.551
2025-01-14 04:00:00,3.544
2025-01-14 05:00:00,3.527
2025-01-14 06:00:00,3.559
2025-01-14 07:00:00,3.558
2025-01-14 08:00:00,3.606
2025-01-14 09:00:00,3.675
2025-01-14 10:00:00,3.766
2025-01-14 11:00:00,3.810
2025-01-14 12:00:00,3.930
2025-01-14 13:00:00,3.984
2025-01-14 14:00:00,4.122
2025-01-14 15:00:00,4.089
2025-01-14 16:00:00,4.137
2025-01-14 17:00:00,4.100
2025-01-14 18:00:00,4.130
2025-01-14 19:00:00,4.111
2025-01-14 20:00:00,4.103
2025-01-14 21:00:00,3.902
2025-01-14 22:00:00,3.964
2025-01-14 23:00:00,3.986
2025-01-15 00:00:00,4.027
2025-01-15 01:00:00,4.004
2025-01-15 02:00:00,4.041
2025-01-15 03:00:00,4.131
2025-01-15 04:00:00,4.013
2025-01-15 05:00:00,3.959
2025-01-15 06:00:00,3.988
2025-01-15 07:00:00,3.987
2025-01-15 08:00:00,3.926
2025-01-15 09:00:00,3.917
2025-01-15 10:00:00,3.881
2025-01-15 11:00:00,3.872
2025-01-15 12:00:00,3.892
2025-01-15 13:00:00,3.896
2025-01-15 14:00:00,3.914
2025-01-15 15:00:00,3.890
2025-01-15 16:00:00,3.898
2025-01-15 17:00:00,4.029
2025-01-15 18:00:00,3.970
2025-01-15 19:00:00,3.974
2025-01-15 20:00:00,3.977
2025-01-15 21:00:00,3.969
2025-01-15 22:00:00,3.943
2025-01-15 23:00:00,3.909
2025-01-16 00:00:00,3.762
2025-01-16 01:00:00,3.761
2025-01-16 02:00:00,3.781
2025-01-16 03:00:00,3.734
2025-01-16 04:00:00,3.731
2025-01-16 05:00:00,3.756
2025-01-16 06:00:00,3.704
2025-01-16 07:00:00,3.715
2025-01-16 08:00:00,3.659
2025-01-16 09:00:00,3.673
2025-01-16 10:00:00,3.601
2025-01-16 11:00:00,3.600
2025-01-16 12:00:00,3.626
2025-01-16 13:00:00,3.741
2025-01-16 14:00:00,3.751
2025-01-16 15:00:00,3.769
2025-01-16 16:00:00,3.673
2025-01-16 17:00:00,3.723
2025-01-16 18:00:00,3.706
2025-01-16 19:00:00,3.763
2025-01-16 20:00:00,3.752
2025-01-16 21:00:00,3.827
2025-01-16 22:00:00,3.794
2025-01-16 23:00:00,3.793
2025-01-17 00:00:00,3.766
2025-01-17 01:00:00,3.804
2025-01-17 02:00:00,3.804
2025-01-17 03:00:00,3.852
2025-01-17 04:00:00,3.848
2025-01-17 05:00:00,3.898
2025-01-17 06:00:00,3.962
2025-01-17 07:00:00,3.925
2025-01-17 08:00:00,3.888
2025-01-17 09:00:00,3.750
2025-01-17 10:00:00,3.694
2025-01-17 11:00:00,3.662
2025-01-17 12:00:00,3.719
2025-01-17 13:00:00,3.740
2025-01-17 14:00:00,3.718
2025-01-17 15:00:00,3.723
2025-01-17 16:00:00,3.752
2025-01-17 17:00:00,3.721
2025-01-17 18:00:00,3.738
2025-01-17 19:00:00,3.774
2025-01-17 20:00:00,3.853
2025-01-17 21:00:00,3.753
2025-01-17 22:00:00,3.679
2025-01-17 23:00:00,3.688
2025-01-18 00:00:00,3.674
2025-01-18 01:00:00,3.618
2025-01-18 02:00:00,3.581
2025-01-18 03:00:00,3.635
2025-01-18 04:00:00,3.668
2025-01-18 05:00:00,3.768
2025-01-18 06:00:00,3.776
2025-01-18 07:00:00,3.825
2025-01-18 08:00:00,3.860
2025-01-18 09:00:00,3.823
2025-01-18 10:00:00,3.843
2025-01-18 11:00:00,3.985
2025-01-18 12:00:00,3.955
2025-01-18 13:00:00,3.978
2025-01-18 14:00:00,4.001
2025-01-18 15:00:00,4.037
2025-01-18 16:00:00,4.074
2025-01-18 17:00:00,4.122
2025-01-18 18:00:00,4.104
2025-01-18 19:00:00,4.067
2025-01-18 20:00:00,4.077
2025-01-18 21:00:00,4.032
2025-01-18 22:00:00,4.021
2025-01-18 23:00:00,3.990
2025-01-19 00:00:00,3.925
2025-01-19 01:00:00,3.927
2025-01-19 02:00:00,3.911
2025-01-19 03:00:00,3.916
2025-01-19 04:00:00,3.928
2025-01-19 05:00:00,3.819
2025-01-19 06:00:00,3.772
2025-01-19 07:00:00,3.788
2025-01-19 08:00:00,3.718
2025-01-19 09:00:00,3.699
2025-01-19 10:00:00,3.714
2025-01-19 11:00:00,3.654
2025-01-19 12:00:00,3.655
2025-01-19 13:00:00,3.686
2025-01-19 14:00:00,3.662
2025-01-19 15:00:00,3.703
2025-01-19 16:00:00,3.739
2025-01-19 17:00:00,3.662
2025-01-19 18:00:00,3.698
2025-01-19 19:00:00,3.704
2025-01-19 20:00:00,3.675
2025-01-19 21:00:00,3.569
2025-01-19 22:00:00,3.653
2025-01-19 23:00:00,3.638
2025-01-20 00:00:00,3.660
2025-01-20 01:00:00,3.668
2025-01-20 02:00:00,3.681
2025-01-20 03:00:00,3.669
2025-01-20 04:00:00,3.679
2025-01-20 05:00:00,3.642
2025-01-20 06:00:00,3.680
2025-01-20 07:00:00,3.666
2025-01-20 08:00:00,3.645
2025-01-20 09:00:00,3.654
2025-01-20 10:00:00,3.634
2025-01-20 11:00:00,3.717
2025-01-20 12:00:00,3.760
2025-01-20 13:00:00,3.797
2025-01-20 14:00:00,3.850
2025-01-20 15:00:00,3.908
2025-01-20 16:00:00,3.919
2025-01-20 17:00:00,3.931
2025-01-20 18:00:00,3.969
2025-01-20 19:00:00,3.921
2025-01-20 20:00:00,3.899
2025-01-20 21:00:00,3.901
2025-01-20 22:00:00,3.860
2025-01-20 23:00:00,3.834
2025-01-21 00:00:00,3.852
2025-01-21 01:00:00,3.903
2025-01-21 02:00:00,3.782
2025-01-21 03:00:00,3.799
2025-01-21 04:00:00,3.843
2025-01-21 05:00:00,3.786
2025-01-21 06:00:00,3.863
2025-01-21 07:00:00,3.799
2025-01-21 08:00:00,3.790
2025-01-21 09:00:00,3.818
2025-01-21 10:00:00,3.806
2025-01-21 11:00:00,3.855
2025-01-21 12:00:00,3.864
2025-01-21 13:00:00,3.840
2025-01-21 14:00:00,3.832
2025-01-21 15:00:00,3.900
2025-01-21 16:00:00,3.865
2025-01-21 17:00:00,3.916
2025-01-21 18:00:00,3.885
2025-01-21 19:00:00,3.909
2025-01-21 20:00:00,3.900
2025-01-21 21:00:00,3.955
2025-01-21 22:00:00,4.011
2025-01-21 23:00:00,3.950
2025-01-22 00:00:00,3.900
2025-01-22 01:00:00,3.892
2025-01-22 02:00:00,3.917
2025-01-22 03:00:00,3.899
2025-01-22 04:00:00,3.940
2025-01-22 05:00:00,3.920
2025-01-22 06:00:00,3.847
2025-01-22 07:00:00,3.850
2025-01-22 08:00:00,3.821
2025-01-22 09:00:00,3.846
2025-01-22 10:00:00,3.891
2025-01-22 11:00:00,3.911
2025-01-22 12:00:00,3.951
2025-01-22 13:00:00,3.936
2025-01-22 14:00:00,3.976
2025-01-22 15:00:00,3.912
2025-01-22 16:00:00,3.948
2025-01-22 17:00:00,3.848
2025-01-22 18:00:00,3.874
2025-01-22 19:00:00,3.844
2025-01-22 20:00:00,3.852
2025-01-22 21:00:00,3.806
2025-01-22 22:00:00,3.816
2025-01-22 23:00:00,3.697
2025-01-23 00:00:00,3.754
2025-01-23 01:00:00,3.651
2025-01-23 02:00:00,3.654
2025-01-23 03:00:00,3.686
2025-01-23 04:00:00,3.664
2025-01-23 05:00:00,3.701
2025-01-23 06:00:00,3.676
2025-01-23 07:00:00,3.547
2025-01-23 08:00:00,3.593
2025-01-23 09:00:00,3.616
2025-01-23 10:00:00,3.645
2025-01-23 11:00:00,3.629
2025-01-23 12:00:00,3.726
2025-01-23 13:00:00,3.821
2025-01-23 14:00:00,3.868
2025-01-23 15:00:00,3.983
2025-01-23 16:00:00,4.048
2025-01-23 17:00:00,4.118
2025-01-23 18:00:00,4.072
2025-01-23 19:00:00,4.049
2025-01-23 20:00:00,4.057
2025-01-23 21:00:00,3.986
2025-01-23 22:00:00,3.943
2025-01-23 23:00:00,3.911
2025-01-24 00:00:00,3.906
2025-01-24 01:00:00,3.839
2025-01-24 02:00:00,3.891
2025-01-24 03:00:00,3.874
2025-01-24 04:00:00,3.816
2025-01-24 05:00:00,3.878
2025-01-24 06:00:00,3.844
2025-01-24 07:00:00,3.834
2025-01-24 08:00:00,3.830
2025-01-24 09:00:00,3.746
2025-01-24 10:00:00,3.752
2025-01-24 11:00:00,3.789
2025-01-24 12:00:00,3.714
2025-01-24 13:00:00,3.673
2025-01-24 14:00:00,3.734
2025-01-24 15:00:00,3.726
2025-01-24 16:00:00,3.802
2025-01-24 17:00:00,3.873
2025-01-24 18:00:00,3.934
2025-01-24 19:00:00,3.935
2025-01-24 20:00:00,3.992
2025-01-24 21:00:00,3.988
2025-01-24 22:00:00,3.976
2025-01-24 23:00:00,4.043
2025-01-25 00:00:00,4.059
2025-01-25 01:00:00,3.825
2025-01-25 02:00:00,3.815
2025-01-25 03:00:00,3.832
2025-01-25 04:00:00,3.867
2025-01-25 05:00:00,3.829
2025-01-25 06:00:00,3.803
2025-01-25 07:00:00,3.653
2025-01-25 08:00:00,3.704
2025-01-25 09:00:00,3.732
2025-01-25 10:00:00,3.782
2025-01-25 11:00:00,3.787
2025-01-25 12:00:00,3.729
2025-01-25 13:00:00,3.682
2025-01-25 14:00:00,3.696
2025-01-25 15:00:00,3.684
2025-01-25 16:00:00,3.683
2025-01-25 17:00:00,3.664
2025-01-25 18:00:00,3.631
2025-01-25 19:00:00,3.568
2025-01-25 20:00:00,3.555
2025-01-25 21:00:00,3.590
2025-01-25 22:00:00,3.666
2025-01-25 23:00:00,3.565
2025-01-26 00:00:00,3.589
2025-01-26 01:00:00,3.655
2025-01-26 02:00:00,3.570
2025-01-26 03:00:00,3.705
2025-01-26 04:00:00,3.683
2025-01-26 05:00:00,3.612
2025-01-26 06:00:00,3.562
2025-01-26 07:00:00,3.523
2025-01-26 08:00:00,3.553
2025-01-26 09:00:00,3.649
2025-01-26 10:00:00,3.604
2025-01-26 11:00:00,3.618
2025-01-26 12:00:00,3.622
2025-01-26 13:00:00,3.605
2025-01-26 14:00:00,3.654
2025-01-26 15:00:00,3.728
2025-01-26 16:00:00,3.753
2025-01-26 17:00:00,3.794
2025-01-26 18:00:00,3.742
2025-01-26 19:00:00,3.779
2025-01-26 20:00:00,3.763
2025-01-26 21:00:00,3.816
2025-01-26 22:00:00,3.828
2025-01-26 23:00:00,3.825
2025-01-27 00:00:00,3.843
2025-01-27 01:00:00,3.872
2025-01-27 02:00:00,3.913
2025-01-27 03:00:00,3.832
2025-01-27 04:00:00,3.770
2025-01-27 05:00:00,3.886
2025-01-27 06:00:00,3.782
2025-01-27 07:00:00,3.779
2025-01-27 08:00:00,3.780
2025-01-27 09:00:00,3.845
2025-01-27 10:00:00,3.877
2025-01-27 11:00:00,3.822
2025-01-27 12:00:00,3.793
2025-01-27 13:00:00,3.900
2025-01-27 14:00:00,3.887
2025-01-27 15:00:00,3.892
2025-01-27 16:00:00,3.903
2025-01-27 17:00:00,3.843
2025-01-27 18:00:00,3.799
2025-01-27 19:00:00,3.836
2025-01-27 20:00:00,3.834
2025-01-27 21:00:00,3.841
2025-01-27 22:00:00,3.767
2025-01-27 23:00:00,3.805
2025-01-28 00:00:00,3.817
2025-01-28 01:00:00,3.812
2025-01-28 02:00:00,3.700
2025-01-28 03:00:00,3.790
2025-01-28 04:00:00,3.700
2025-01-28 05:00:00,3.701
2025-01-28 06:00:00,3.599
2025-01-28 07:00:00,3.604
2025-01-28 08:00:00,3.624
2025-01-28 09:00:00,3.601
2025-01-28 10:00:00,3.622
2025-01-28 11:00:00,3.654
2025-01-28 12:00:00,3.595
2025-01-28 13:00:00,3.625
2025-01-28 14:00:00,3.725
2025-01-28 15:00:00,3.700
2025-01-28 16:00:00,3.727
2025-01-28 17:00:00,3.719
2025-01-28 18:00:00,3.742
2025-01-28 19:00:00,3.721
2025-01-28 20:00:00,3.736
2025-01-28 21:00:00,3.878
2025-01-28 22:00:00,3.841
2025-01-28 23:00:00,3.871
2025-01-29 00:00:00,3.910
2025-01-29 01:00:00,3.975
2025-01-29 02:00:00,4.015
2025-01-29 03:00:00,4.041
2025-01-29 04:00:00,4.049
2025-01-29 05:00:00,3.935
2025-01-29 06:00:00,4.029
2025-01-29 07:00:00,4.089
2025-01-29 08:00:00,4.064
2025-01-29 09:00:00,3.991
2025-01-29 10:00:00,4.024
2025-01-29 11:00:00,4.068
2025-01-29 12:00:00,4.055
2025-01-29 13:00:00,4.092
2025-01-29 14:00:00,4.141
2025-01-29 15:00:00,4.206
2025-01-29 16:00:00,4.118
2025-01-29 17:00:00,4.031
2025-01-29 18:00:00,4.079
2025-01-29 19:00:00,4.056
2025-01-29 20:00:00,4.054
2025-01-29 21:00:00,4.036
2025-01-29 22:00:00,3.994
2025-01-29 23:00:00,3.969
2025-01-30 00:00:00,3.884
2025-01-30 01:00:00,3.895
2025-01-30 02:00:00,3.975
2025-01-30 03:00:00,3.872
2025-01-30 04:00:00,3.914
2025-01-30 05:00:00,3.914
2025-01-30 06:00:00,3.885
2025-01-30 07:00:00,3.852
2025-01-30 08:00:00,3.837
2025-01-30 09:00:00,3.826
2025-01-30 10:00:00,3.854
2025-01-30 11:00:00,3.836
2025-01-30 12:00:00,3.864
2025-01-30 13:00:00,3.878
2025-01-30 14:00:00,3.867
2025-01-30 15:00:00,3.945
2025-01-30 16:00:00,3.972
2025-01-30 17:00:00,3.906
2025-01-30 18:00:00,3.893
2025-01-30 19:00:00,3.891
2025-01-30 20:00:00,3.866
2025-01-30 21:00:00,3.878
2025-01-30 22:00:00,3.833
2025-01-30 23:00:00,3.727
2025-01-31 00:00:00,3.821
2025-01-31 01:00:00,3.770
2025-01-31 02:00:00,3.822
2025-01-31 03:00:00,3.885
2025-01-31 04:00:00,3.840
2025-01-31 05:00:00,3.895
2025-01-31 06:00:00,3.873
2025-01-31 07:00:00,3.851
2025-01-31 08:00:00,3.867
2025-01-31 09:00:00,3.951
2025-01-31 10:00:00,3.894
2025-01-31 11:00:00,3.888
2025-01-31 12:00:00,3.994
2025-01-31 13:00:00,4.030
2025-01-31 14:00:00,4.107
2025-01-31 15:00:00,4.207
2025-01-31 16:00:00,4.351
2025-01-31 17:00:00,4.345
2025-01-31 18:00:00,4.309
2025-01-31 19:00:00,4.326
2025-01-31 20:00:00,4.304
2025-01-31 21:00:00,4.273
2025-01-31 22:00:00,4.189
2025-01-31 23:00:00,4.118
2025-02-01 00:00:00,4.192
2025-02-01 01:00:00,4.156
2025-02-01 02:00:00,4.162
2025-02-01 03:00:00,4.100
2025-02-01 04:00:00,4.075
2025-02-01 05:00:00,4.019
2025-02-01 06:00:00,3.985
2025-02-01 07:00:00,4.028
2025-02-01 08:00:00,4.019
2025-02-01 09:00:00,3.941
2025-02-01 10:00:00,3.915
2025-02-01 11:00:00,3.919
2025-02-01 12:00:00,3.851
2025-02-01 13:00:00,3.757
2025-02-01 14:00:00,3.807
2025-02-01 15:00:00,3.800
2025-02-01 16:00:00,3.879
2025-02-01 17:00:00,3.866
2025-02-01 18:00:00,3.932
2025-02-01 19:00:00,3.885
2025-02-01 20:00:00,3.892
2025-02-01 21:00:00,3.912
2025-02-01 22:00:00,3.868
2025-02-01 23:00:00,3.859
2025-02-02 00:00:00,3.869
2025-02-02 01:00:00,3.927
2025-02-02 02:00:00,3.848
2025-02-02 03:00:00,3.838
2025-02-02 04:00:00,3.876
2025-02-02 05:00:00,3.937
2025-02-02 06:00:00,3.950
2025-02-02 07:00:00,4.021
2025-02-02 08:00:00,4.069
2025-02-02 09:00:00,4.086
2025-02-02 10:00:00,4.141
2025-02-02 11:00:00,4.132
2025-02-02 12:00:00,4.072
2025-02-02 13:00:00,4.093
2025-02-02 14:00:00,4.099
2025-02-02 15:00:00,4.089
2025-02-02 16:00:00,4.056
2025-02-02 17:00:00,4.044
2025-02-02 18:00:00,4.069
2025-02-02 19:00:00,4.072
2025-02-02 20:00:00,4.070
2025-02-02 21:00:00,4.038
2025-02-02 22:00:00,4.107
2025-02-02 23:00:00,4.077
2025-02-03 00:00:00,4.003
2025-02-03 01:00:00,3.998
2025-02-03 02:00:00,4.041
2025-02-03 03:00:00,4.005
2025-02-03 04:00:00,3.958
2025-02-03 05:00:00,3.915
2025-02-03 06:00:00,3.878
2025-02-03 07:00:00,3.797
2025-02-03 08:00:00,3.813
2025-02-03 09:00:00,3.816
2025-02-03 10:00:00,3.786
2025-02-03 11:00:00,3.808
2025-02-03 12:00:00,3.818
2025-02-03 13:00:00,3.804
2025-02-03 14:00:00,3.846
2025-02-03 15:00:00,3.877
2025-02-03 16:00:00,3.961
2025-02-03 17:00:00,4.037
2025-02-03 18:00:00,4.010
2025-02-03 19:00:00,4.036
2025-02-03 20:00:00,4.077
2025-02-03 21:00:00,4.007
2025-02-03 22:00:00,3.973
2025-02-03 23:00:00,3.997
2025-02-04 00:00:00,3.968
2025-02-04 01:00:00,3.997
2025-02-04 02:00:00,3.979
2025-02-04 03:00:00,3.918
2025-02-04 04:00:00,3.841
2025-02-04 05:00:00,3.845
2025-02-04 06:00:00,3.933
2025-02-04 07:00:00,3.856
2025-02-04 08:00:00,3.815
2025-02-04 09:00:00,3.799
2025-02-04 10:00:00,3.818
2025-02-04 11:00:00,3.737
2025-02-04 12:00:00,3.674
2025-02-04 13:00:00,3.671
2025-02-04 14:00:00,3.664
2025-02-04 15:00:00,3.699
2025-02-04 16:00:00,3.724
2025-02-04 17:00:00,3.715
2025-02-04 18:00:00,3.700
2025-02-04 19:00:00,3.729
2025-02-04 20:00:00,3.772
2025-02-04 21:00:00,3.713
2025-02-04 22:00:00,3.775
2025-02-04 23:00:00,3.827
2025-02-05 00:00:00,3.905
2025-02-05 01:00:00,3.815
2025-02-05 02:00:00,3.866
2025-02-05 03:00:00,3.960
2025-02-05 04:00:00,3.997
2025-02-05 05:00:00,3.905
2025-02-05 06:00:00,3.994
2025-02-05 07:00:00,4.024
2025-02-05 08:00:00,3.947
2025-02-05 09:00:00,3.867
2025-02-05 10:00:00,3.826
2025-02-05 11:00:00,3.811
2025-02-05 12:00:00,3.827
2025-02-05 13:00:00,3.874
2025-02-05 14:00:00,3.831
2025-02-05 15:00:00,3.838
2025-02-05 16:00:00,3.810
2025-02-05 17:00:00,3.776
2025-02-05 18:00:00,3.795
2025-02-05 19:00:00,3.783
2025-02-05 20:00:00,3.734
2025-02-05 21:00:00,3.659
2025-02-05 22:00:00,3.718
2025-02-05 23:00:00,3.696
2025-02-06 00:00:00,3.725
2025-02-06 01:00:00,3.671
2025-02-06 02:00:00,3.766
2025-02-06 03:00:00,3.710
2025-02-06 04:00:00,3.707
2025-02-06 05:00:00,3.720
2025-02-06 06:00:00,3.765
2025-02-06 07:00:00,3.765
2025-02-06 08:00:00,3.716
2025-02-06 09:00:00,3.685
2025-02-06 10:00:00,3.730
2025-02-06 11:00:00,3.757
2025-02-06 12:00:00,3.771
2025-02-06 13:00:00,3.832
2025-02-06 14:00:00,3.863
2025-02-06 15:00:00,3.989
2025-02-06 16:00:00,3.972
2025-02-06 17:00:00,3.978
2025-02-06 18:00:00,3.936
2025-02-06 19:00:00,3.937
2025-02-06 20:00:00,3.834
2025-02-06 21:00:00,3.834
2025-02-06 22:00:00,3.835
2025-02-06 23:00:00,3.901
2025-02-07 00:00:00,3.862
2025-02-07 01:00:00,3.860
2025-02-07 02:00:00,3.884
2025-02-07 03:00:00,3.957
2025-02-07 04:00:00,4.034
2025-02-07 05:00:00,3.977
2025-02-07 06:00:00,3.982
2025-02-07 07:00:00,4.000
2025-02-07 08:00:00,4.018
2025-02-07 09:00:00,4.058
2025-02-07 10:00:00,3.997
2025-02-07 11:00:00,4.033
2025-02-07 12:00:00,4.087
2025-02-07 13:00:00,4.197
2025-02-07 14:00:00,4.294
2025-02-07 15:00:00,4.488
2025-02-07 16:00:00,4.455
2025-02-07 17:00:00,4.612
2025-02-07 18:00:00,4.627
2025-02-07 19:00:00,4.598
2025-02-07 20:00:00,4.658
2025-02-07 21:00:00,4.687
2025-02-07 22:00:00,4.587
2025-02-07 23:00:00,4.534
2025-02-08 00:00:00,4.378
2025-02-08 01:00:00,4.399
2025-02-08 02:00:00,4.342
2025-02-08 03:00:00,4.344
2025-02-08 04:00:00,4.309
2025-02-08 05:00:00,4.119
2025-02-08 06:00:00,4.052
2025-02-08 07:00:00,4.078
2025-02-08 08:00:00,4.066
2025-02-08 09:00:00,3.974
2025-02-08 10:00:00,3.975
2025-02-08 11:00:00,3.980
2025-02-08 12:00:00,3.971
2025-02-08 13:00:00,3.753
2025-02-08 14:00:00,3.688
2025-02-08 15:00:00,3.698
2025-02-08 16:00:00,3.675
2025-02-08 17:00:00,3.692
2025-02-08 18:00:00,3.678
2025-02-08 19:00:00,3.655
2025-02-08 20:00:00,3.741
2025-02-08 21:00:00,3.728
2025-02-08 22:00:00,3.781
2025-02-08 23:00:00,3.797
2025-02-09 00:00:00,3.800
2025-02-09 01:00:00,3.878
2025-02-09 02:00:00,3.864
2025-02-09 03:00:00,3.867
2025-02-09 04:00:00,3.928
2025-02-09 05:00:00,3.919
2025-02-09 06:00:00,3.971
2025-02-09 07:00:00,4.184
2025-02-09 08:00:00,4.187
2025-02-09 09:00:00,4.188
2025-02-09 10:00:00,4.192
2025-02-09 11:00:00,4.194
2025-02-09 12:00:00,4.200
2025-02-09 13:00:00,4.176
2025-02-09 14:00:00,4.172
2025-02-09 15:00:00,4.244
2025-02-09 16:00:00,4.189
2025-02-09 17:00:00,4.145
2025-02-09 18:00:00,4.070
2025-02-09 19:00:00,4.168
2025-02-09 20:00:00,4.256
2025-02-09 21:00:00,4.235
2025-02-09 22:00:00,4.263
2025-02-09 23:00:00,4.224
2025-02-10 00:00:00,4.221
2025-02-10 01:00:00,4.092
2025-02-10 02:00:00,4.045
2025-02-10 03:00:00,3.968
2025-02-10 04:00:00,4.011
2025-02-10 05:00:00,4.011
2025-02-10 06:00:00,4.022
2025-02-10 07:00:00,3.997
2025-02-10 08:00:00,3.873
2025-02-10 09:00:00,3.882
2025-02-10 10:00:00,3.945
2025-02-10 11:00:00,3.892
2025-02-10 12:00:00,3.938
2025-02-10 13:00:00,4.011
2025-02-10 14:00:00,3.967
2025-02-10 15:00:00,4.067
2025-02-10 16:00:00,4.008
2025-02-10 17:00:00,3.917
2025-02-10 18:00:00,3.846
2025-02-10 19:00:00,3.903
2025-02-10 20:00:00,3.912
2025-02-10 21:00:00,3.972
2025-02-10 22:00:00,4.010
2025-02-10 23:00:00,4.034
2025-02-11 00:00:00,3.900
2025-02-11 01:00:00,3.790
2025-02-11 02:00:00,3.827
2025-02-11 03:00:00,3.743
2025-02-11 04:00:00,3.770
2025-02-11 05:00:00,3.820
2025-02-11 06:00:00,3.809
2025-02-11 07:00:00,3.730
2025-02-11 08:00:00,3.727
2025-02-11 09:00:00,3.767
2025-02-11 10:00:00,3.771
2025-02-11 11:00:00,3.711
2025-02-11 12:00:00,3.777
2025-02-11 13:00:00,3.779
2025-02-11 14:00:00,3.866
2025-02-11 15:00:00,3.878
2025-02-11 16:00:00,3.873
2025-02-11 17:00:00,3.864
2025-02-11 18:00:00,3.931
2025-02-11 19:00:00,4.022
2025-02-11 20:00:00,4.050
2025-02-11 21:00:00,4.143
2025-02-11 22:00:00,4.124
2025-02-11 23:00:00,4.114
2025-02-12 00:00:00,4.059
2025-02-12 01:00:00,4.111
2025-02-12 02:00:00,4.233
2025-02-12 03:00:00,4.216
2025-02-12 04:00:00,4.124
2025-02-12 05:00:00,4.057
2025-02-12 06:00:00,4.145
2025-02-12 07:00:00,4.108
2025-02-12 08:00:00,4.154
2025-02-12 09:00:00,4.170
2025-02-12 10:00:00,4.130
2025-02-12 11:00:00,4.130
2025-02-12 12:00:00,4.175
2025-02-12 13:00:00,4.198
2025-02-12 14:00:00,4.180
2025-02-12 15:00:00,4.215
2025-02-12 16:00:00,4.241
2025-02-12 17:00:00,4.168
2025-02-12 18:00:00,4.185
2025-02-12 19:00:00,4.096
2025-02-12 20:00:00,4.088
2025-02-12 21:00:00,4.087
2025-02-12 22:00:00,4.090
2025-02-12 23:00:00,4.131
2025-02-13 00:00:00,4.149
2025-02-13 01:00:00,4.147
2025-02-13 02:00:00,4.153
2025-02-13 03:00:00,4.165
2025-02-13 04:00:00,4.152
2025-02-13 05:00:00,4.080
2025-02-13 06:00:00,4.071
2025-02-13 07:00:00,4.078
2025-02-13 08:00:00,4.113
2025-02-13 09:00:00,4.086
2025-02-13 10:00:00,4.109
2025-02-13 11:00:00,4.120
2025-02-13 12:00:00,4.136
2025-02-13 13:00:00,4.115
2025-02-13 14:00:00,4.125
2025-02-13 15:00:00,4.160
2025-02-13 16:00:00,4.166
2025-02-13 17:00:00,4.172
2025-02-13 18:00:00,4.202
2025-02-13 19:00:00,4.200
2025-02-13 20:00:00,4.249
2025-02-13 21:00:00,4.217
2025-02-13 22:00:00,4.174
2025-02-13 23:00:00,4.104
2025-02-14 00:00:00,4.090
2025-02-14 01:00:00,4.147
2025-02-14 02:00:00,4.040
2025-02-14 03:00:00,4.033
2025-02-14 04:00:00,4.060
2025-02-14 05:00:00,3.950
2025-02-14 06:00:00,3.980
2025-02-14 07:00:00,3.950
2025-02-14 08:00:00,3.955
2025-02-14 09:00:00,3.901
2025-02-14 10:00:00,3.887
2025-02-14 11:00:00,3.854
2025-02-14 12:00:00,3.924
2025-02-14 13:00:00,3.970
2025-02-14 14:00:00,3.887
2025-02-14 15:00:00,3.812
2025-02-14 16:00:00,3.808
2025-02-14 17:00:00,3.778
2025-02-14 18:00:00,3.806
2025-02-14 19:00:00,3.844
2025-02-14 20:00:00,3.850
2025-02-14 21:00:00,3.955
2025-02-14 22:00:00,4.003
2025-02-14 23:00:00,4.063
2025-02-15 00:00:00,4.025
2025-02-15 01:00:00,3.980
2025-02-15 02:00:00,3.949
2025-02-15 03:00:00,3.943
2025-02-15 04:00:00,3.891
2025-02-15 05:00:00,3.969
2025-02-15 06:00:00,3.995
2025-02-15 07:00:00,3.995
2025-02-15 08:00:00,3.950
2025-02-15 09:00:00,4.006
2025-02-15 10:00:00,4.003
2025-02-15 11:00:00,4.039
2025-02-15 12:00:00,4.087
2025-02-15 13:00:00,4.144
2025-02-15 14:00:00,4.154
2025-02-15 15:00:00,4.197
2025-02-15 16:00:00,4.167
2025-02-15 17:00:00,4.078
2025-02-15 18:00:00,3.967
2025-02-15 19:00:00,4.036
2025-02-15 20:00:00,4.121
2025-02-15 21:00:00,4.198
2025-02-15 22:00:00,4.206
2025-02-15 23:00:00,4.145
2025-02-16 00:00:00,4.233
2025-02-16 01:00:00,4.186
2025-02-16 02:00:00,4.107
2025-02-16 03:00:00,4.176
2025-02-16 04:00:00,4.166
2025-02-16 05:00:00,4.102
2025-02-16 06:00:00,4.080
2025-02-16 07:00:00,4.109
2025-02-16 08:00:00,4.064
2025-02-16 09:00:00,4.031
2025-02-16 10:00:00,4.040
2025-02-16 11:00:00,4.002
2025-02-16 12:00:00,4.009
2025-02-16 13:00:00,4.024
2025-02-16 14:00:00,4.144
2025-02-16 15:00:00,4.103
2025-02-16 16:00:00,4.052
2025-02-16 17:00:00,4.042
2025-02-16 18:00:00,4.008
2025-02-16 19:00:00,4.020
2025-02-16 20:00:00,3.966
2025-02-16 21:00:00,3.914
2025-02-16 22:00:00,4.002
2025-02-16 23:00:00,3.925
2025-02-17 00:00:00,4.005
2025-02-17 01:00:00,4.049
2025-02-17 02:00:00,4.121
2025-02-17 03:00:00,4.064
2025-02-17 04:00:00,4.089
2025-02-17 05:00:00,4.074
2025-02-17 06:00:00,4.129
2025-02-17 07:00:00,4.148
2025-02-17 08:00:00,4.220
2025-02-17 09:00:00,4.193
2025-02-17 10:00:00,4.092
2025-02-17 11:00:00,4.170
2025-02-17 12:00:00,4.171
2025-02-17 13:00:00,4.217
2025-02-17 14:00:00,4.200
2025-02-17 15:00:00,4.308
2025-02-17 16:00:00,4.291
2025-02-17 17:00:00,4.318
2025-02-17 18:00:00,4.472
2025-02-17 19:00:00,4.408
2025-02-17 20:00:00,4.397
2025-02-17 21:00:00,4.463
2025-02-17 22:00:00,4.518
2025-02-17 23:00:00,4.481
2025-02-18 00:00:00,4.509
2025-02-18 01:00:00,4.522
2025-02-18 02:00:00,4.479
2025-02-18 03:00:00,4.525
2025-02-18 04:00:00,4.523
2025-02-18 05:00:00,4.611
2025-02-18 06:00:00,4.607
2025-02-18 07:00:00,4.576
2025-02-18 08:00:00,4.603
2025-02-18 09:00:00,4.644
2025-02-18 10:00:00,4.730
2025-02-18 11:00:00,4.781
2025-02-18 12:00:00,4.718
2025-02-18 13:00:00,4.743
2025-02-18 14:00:00,4.702
2025-02-18 15:00:00,4.607
2025-02-18 16:00:00,4.562
2025-02-18 17:00:00,4.532
2025-02-18 18:00:00,4.488
2025-02-18 19:00:00,4.435
2025-02-18 20:00:00,4.317
2025-02-18 21:00:00,4.362
2025-02-18 22:00:00,4.349
2025-02-18 23:00:00,4.280
2025-02-19 00:00:00,4.261
2025-02-19 01:00:00,4.142
2025-02-19 02:00:00,4.117
2025-02-19 03:00:00,4.167
2025-02-19 04:00:00,4.042
2025-02-19 05:00:00,3.995
2025-02-19 06:00:00,3.947
2025-02-19 07:00:00,3.943
2025-02-19 08:00:00,3.854
2025-02-19 09:00:00,3.774
2025-02-19 10:00:00,3.810
2025-02-19 11:00:00,3.776
2025-02-19 12:00:00,3.801
2025-02-19 13:00:00,3.845
2025-02-19 14:00:00,3.841
2025-02-19 15:00:00,3.824
2025-02-19 16:00:00,3.885
2025-02-19 17:00:00,3.879
2025-02-19 18:00:00,3.930
2025-02-19 19:00:00,3.953
2025-02-19 20:00:00,4.055
2025-02-19 21:00:00,4.080
2025-02-19 22:00:00,4.210
2025-02-19 23:00:00,4.245
2025-02-20 00:00:00,4.310
2025-02-20 01:00:00,4.325
2025-02-20 02:00:00,4.338
2025-02-20 03:00:00,4.373
2025-02-20 04:00:00,4.313
2025-02-20 05:00:00,4.353
2025-02-20 06:00:00,4.407
2025-02-20 07:00:00,4.356
2025-02-20 08:00:00,4.439
2025-02-20 09:00:00,4.506
2025-02-20 10:00:00,4.572
2025-02-20 11:00:00,4.525
2025-02-20 12:00:00,4.496
2025-02-20 13:00:00,4.573
2025-02-20 14:00:00,4.605
2025-02-20 15:00:00,4.622
2025-02-20 16:00:00,4.598
2025-02-20 17:00:00,4.598
2025-02-20 18:00:00,4.552
2025-02-20 19:00:00,4.608
2025-02-20 20:00:00,4.654
2025-02-20 21:00:00,4.620
2025-02-20 22:00:00,4.603
2025-02-20 23:00:00,4.655
2025-02-21 00:00:00,4.501
2025-02-21 01:00:00,4.485
2025-02-21 02:00:00,4.450
2025-02-21 03:00:00,4.479
2025-02-21 04:00:00,4.493
2025-02-21 05:00:00,4.518
2025-02-21 06:00:00,4.449
2025-02-21 07:00:00,4.446
2025-02-21 08:00:00,4.506
2025-02-21 09:00:00,4.391
2025-02-21 10:00:00,4.411
2025-02-21 11:00:00,4.411
2025-02-21 12:00:00,4.401
2025-02-21 13:00:00,4.367
2025-02-21 14:00:00,4.265
2025-02-21 15:00:00,4.307
2025-02-21 16:00:00,4.170
2025-02-21 17:00:00,4.118
2025-02-21 18:00:00,4.204
2025-02-21 19:00:00,4.192
2025-02-21 20:00:00,4.146
2025-02-21 21:00:00,4.198
2025-02-21 22:00:00,4.181
2025-02-21 23:00:00,4.212
2025-02-22 00:00:00,4.099
2025-02-22 01:00:00,3.998
2025-02-22 02:00:00,3.941
2025-02-22 03:00:00,3.887
2025-02-22 04:00:00,3.894
2025-02-22 05:00:00,3.820
2025-02-22 06:00:00,3.786
2025-02-22 07:00:00,3.841
2025-02-22 08:00:00,3.785
2025-02-22 09:00:00,3.837
2025-02-22 10:00:00,3.759
2025-02-22 11:00:00,3.756
2025-02-22 12:00:00,3.810
2025-02-22 13:00:00,3.861
2025-02-22 14:00:00,3.808
2025-02-22 15:00:00,3.846
2025-02-22 16:00:00,3.882
2025-02-22 17:00:00,3.965
2025-02-22 18:00:00,4.144
2025-02-22 19:00:00,4.217
2025-02-22 20:00:00,4.291
2025-02-22 21:00:00,4.344
2025-02-22 22:00:00,4.322
2025-02-22 23:00:00,4.390
2025-02-23 00:00:00,4.359
2025-02-23 01:00:00,4.354
2025-02-23 02:00:00,4.340
2025-02-23 03:00:00,4.390
2025-02-23 04:00:00,4.444
2025-02-23 05:00:00,4.512
2025-02-23 06:00:00,4.587
2025-02-23 07:00:00,4.562
2025-02-23 08:00:00,4.483
2025-02-23 09:00:00,4.410
2025-02-23 10:00:00,4.441
2025-02-23 11:00:00,4.278
2025-02-23 12:00:00,4.267
2025-02-23 13:00:00,4.216
2025-02-23 14:00:00,4.194
2025-02-23 15:00:00,4.118
2025-02-23 16:00:00,4.078
2025-02-23 17:00:00,4.052
2025-02-23 18:00:00,3.976
2025-02-23 19:00:00,3.899
2025-02-23 20:00:00,3.904
2025-02-23 21:00:00,3.891
2025-02-23 22:00:00,3.945
2025-02-23 23:00:00,3.940
2025-02-24 00:00:00,3.953
2025-02-24 01:00:00,3.926
2025-02-24 02:00:00,3.908
2025-02-24 03:00:00,3.856
2025-02-24 04:00:00,3.775
2025-02-24 05:00:00,3.789
2025-02-24 06:00:00,3.789
2025-02-24 07:00:00,3.841
2025-02-24 08:00:00,3.852
2025-02-24 09:00:00,3.882
2025-02-24 10:00:00,3.938
2025-02-24 11:00:00,3.906
2025-02-24 12:00:00,3.987
2025-02-24 13:00:00,4.073
2025-02-24 14:00:00,4.174
2025-02-24 15:00:00,4.164
2025-02-24 16:00:00,4.116
2025-02-24 17:00:00,4.160
2025-02-24 18:00:00,4.152
2025-02-24 19:00:00,4.138
2025-02-24 20:00:00,4.234
2025-02-24 21:00:00,4.228
2025-02-24 22:00:00,4.198
2025-02-24 23:00:00,4.243
2025-02-25 00:00:00,4.279
2025-02-25 01:00:00,4.378
2025-02-25 02:00:00,4.220
2025-02-25 03:00:00,4.281
2025-02-25 04:00:00,4.308
2025-02-25 05:00:00,4.307
2025-02-25 06:00:00,4.279
2025-02-25 07:00:00,4.409
2025-02-25 08:00:00,4.321
2025-02-25 09:00:00,4.354
2025-02-25 10:00:00,4.331
2025-02-25 11:00:00,4.386
2025-02-25 12:00:00,4.412
2025-02-25 13:00:00,4.485
2025-02-25 14:00:00,4.363
2025-02-25 15:00:00,4.352
2025-02-25 16:00:00,4.300
2025-02-25 17:00:00,4.193
2025-02-25 18:00:00,4.195
2025-02-25 19:00:00,4.144
2025-02-25 20:00:00,4.158
2025-02-25 21:00:00,4.110
2025-02-25 22:00:00,4.006
2025-02-25 23:00:00,4.104
2025-02-26 00:00:00,4.097
2025-02-26 01:00:00,4.077
2025-02-26 02:00:00,3.990
2025-02-26 03:00:00,3.916
2025-02-26 04:00:00,3.929
2025-02-26 05:00:00,3.885
2025-02-26 06:00:00,3.845
2025-02-26 07:00:00,3.788
2025-02-26 08:00:00,3.843
2025-02-26 09:00:00,3.819
2025-02-26 10:00:00,3.743
2025-02-26 11:00:00,3.798
2025-02-26 12:00:00,3.783
2025-02-26 13:00:00,3.816
2025-02-26 14:00:00,3.822
2025-02-26 15:00:00,3.897
2025-02-26 16:00:00,3.908
2025-02-26 17:00:00,3.932
2025-02-26 18:00:00,3.932
2025-02-26 19:00:00,3.892
2025-02-26 20:00:00,3.919
2025-02-26 21:00:00,3.911
2025-02-26 22:00:00,3.894
2025-02-26 23:00:00,3.896
2025-02-27 00:00:00,3.840
2025-02-27 01:00:00,3.808
2025-02-27 02:00:00,3.742
2025-02-27 03:00:00,3.787
2025-02-27 04:00:00,3.770
2025-02-27 05:00:00,3.731
2025-02-27 06:00:00,3.730
2025-02-27 07:00:00,3.729
2025-02-27 08:00:00,3.739
2025-02-27 09:00:00,3.840
2025-02-27 10:00:00,3.851
2025-02-27 11:00:00,3.857
2025-02-27 12:00:00,3.923
2025-02-27 13:00:00,3.972
2025-02-27 14:00:00,3.997
2025-02-27 15:00:00,3.977
2025-02-27 16:00:00,3.980
2025-02-27 17:00:00,3.979
2025-02-27 18:00:00,4.104
2025-02-27 19:00:00,4.070
2025-02-27 20:00:00,4.105
2025-02-27 21:00:00,4.236
2025-02-27 22:00:00,4.201
2025-02-27 23:00:00,4.082
2025-02-28 00:00:00,4.128
2025-02-28 01:00:00,4.113
2025-02-28 02:00:00,4.130
2025-02-28 03:00:00,4.075
2025-02-28 04:00:00,4.077
2025-02-28 05:00:00,4.025
2025-02-28 06:00:00,4.125
2025-02-28 07:00:00,4.115
2025-02-28 08:00:00,4.165
2025-02-28 09:00:00,4.211
2025-02-28 10:00:00,4.234
2025-02-28 11:00:00,4.261
2025-02-28 12:00:00,4.295
2025-02-28 13:00:00,4.336
2025-02-28 14:00:00,4.362
2025-02-28 15:00:00,4.326
2025-02-28 16:00:00,4.333
2025-02-28 17:00:00,4.226
2025-02-28 18:00:00,4.265
2025-02-28 19:00:00,4.291
2025-02-28 20:00:00,4.197
2025-02-28 21:00:00,4.261
2025-02-28 22:00:00,4.202
2025-02-28 23:00:00,4.213
2025-03-01 00:00:00,4.221
2025-03-01 01:00:00,4.127
2025-03-01 02:00:00,4.032
2025-03-01 03:00:00,3.939
2025-03-01 04:00:00,3.818
2025-03-01 05:00:00,3.847
2025-03-01 06:00:00,3.838
2025-03-01 07:00:00,3.806
2025-03-01 08:00:00,3.759
2025-03-01 09:00:00,3.689
2025-03-01 10:00:00,3.705
2025-03-01 11:00:00,3.717
2025-03-01 12:00:00,3.675
2025-03-01 13:00:00,3.651
2025-03-01 14:00:00,3.723
2025-03-01 15:00:00,3.758
2025-03-01 16:00:00,3.826
2025-03-01 17:00:00,3.793
2025-03-01 18:00:00,3.825
2025-03-01 19:00:00,3.865
2025-03-01 20:00:00,3.904
2025-03-01 21:00:00,3.869
2025-03-01 22:00:00,3.945
2025-03-01 23:00:00,3.938
2025-03-02 00:00:00,3.883
2025-03-02 01:00:00,3.884
2025-03-02 02:00:00,3.786
2025-03-02 03:00:00,3.697
2025-03-02 04:00:00,3.707
2025-03-02 05:00:00,3.800
2025-03-02 06:00:00,3.767
2025-03-02 07:00:00,3.696
2025-03-02 08:00:00,3.749
2025-03-02 09:00:00,3.842
2025-03-02 10:00:00,3.811
2025-03-02 11:00:00,3.798
2025-03-02 12:00:00,3.779
2025-03-02 13:00:00,3.842
2025-03-02 14:00:00,3.951
2025-03-02 15:00:00,3.925
2025-03-02 16:00:00,3.918
2025-03-02 17:00:00,3.955
2025-03-02 18:00:00,4.081
2025-03-02 19:00:00,4.111
2025-03-02 20:00:00,4.154
2025-03-02 21:00:00,4.162
2025-03-02 22:00:00,4.156
2025-03-02 23:00:00,4.038
2025-03-03 00:00:00,4.062
2025-03-03 01:00:00,4.082
2025-03-03 02:00:00,4.192
2025-03-03 03:00:00,4.120
2025-03-03 04:00:00,4.092
2025-03-03 05:00:00,4.029
2025-03-03 06:00:00,3.931
2025-03-03 07:00:00,3.912
2025-03-03 08:00:00,3.919
2025-03-03 09:00:00,3.877
2025-03-03 10:00:00,3.839
2025-03-03 11:00:00,3.838
2025-03-03 12:00:00,3.834
2025-03-03 13:00:00,3.818
2025-03-03 14:00:00,3.819
2025-03-03 15:00:00,3.836
2025-03-03 16:00:00,3.814
2025-03-03 17:00:00,3.883
2025-03-03 18:00:00,4.006
2025-03-03 19:00:00,4.031
2025-03-03 20:00:00,4.034
2025-03-03 21:00:00,4.027
2025-03-03 22:00:00,4.022
2025-03-03 23:00:00,4.048
2025-03-04 00:00:00,3.979
2025-03-04 01:00:00,4.131
2025-03-04 02:00:00,4.112
2025-03-04 03:00:00,4.098
2025-03-04 04:00:00,4.137
2025-03-04 05:00:00,4.198
2025-03-04 06:00:00,4.101
2025-03-04 07:00:00,4.098
2025-03-04 08:00:00,4.278
2025-03-04 09:00:00,4.217
2025-03-04 10:00:00,4.192
2025-03-04 11:00:00,4.274
2025-03-04 12:00:00,4.208
2025-03-04 13:00:00,4.302
2025-03-04 14:00:00,4.276
2025-03-04 15:00:00,4.268
2025-03-04 16:00:00,4.239
2025-03-04 17:00:00,4.359
2025-03-04 18:00:00,4.370
2025-03-04 19:00:00,4.404
2025-03-04 20:00:00,4.457
2025-03-04 21:00:00,4.425
2025-03-04 22:00:00,4.354
2025-03-04 23:00:00,4.335
2025-03-05 00:00:00,4.268
2025-03-05 01:00:00,4.279
2025-03-05 02:00:00,4.247
2025-03-05 03:00:00,4.194
2025-03-05 04:00:00,4.108
2025-03-05 05:00:00,4.169
2025-03-05 06:00:00,4.215
2025-03-05 07:00:00,4.215
2025-03-05 08:00:00,4.222
2025-03-05 09:00:00,4.156
2025-03-05 10:00:00,4.156
2025-03-05 11:00:00,4.152
2025-03-05 12:00:00,4.128
2025-03-05 13:00:00,4.068
2025-03-05 14:00:00,4.020
2025-03-05 15:00:00,4.012
2025-03-05 16:00:00,4.037
2025-03-05 17:00:00,4.001
2025-03-05 18:00:00,4.016
2025-03-05 19:00:00,4.076
2025-03-05 20:00:00,4.099
2025-03-05 21:00:00,4.043
2025-03-05 22:00:00,4.015
2025-03-05 23:00:00,3.968
2025-03-06 00:00:00,4.046
2025-03-06 01:00:00,4.104
2025-03-06 02:00:00,3.954
2025-03-06 03:00:00,3.891
2025-03-06 04:00:00,3.835
2025-03-06 05:00:00,3.902
2025-03-06 06:00:00,3.874
2025-03-06 07:00:00,3.917
2025-03-06 08:00:00,3.924
2025-03-06 09:00:00,3.966
2025-03-06 10:00:00,4.002
2025-03-06 11:00:00,3.978
2025-03-06 12:00:00,3.964
2025-03-06 13:00:00,3.960
2025-03-06 14:00:00,3.851
2025-03-06 15:00:00,3.870
2025-03-06 16:00:00,3.817
2025-03-06 17:00:00,3.788
2025-03-06 18:00:00,3.846
2025-03-06 19:00:00,3.899
2025-03-06 20:00:00,3.932
2025-03-06 21:00:00,3.884
2025-03-06 22:00:00,3.938
2025-03-06 23:00:00,3.873
2025-03-07 00:00:00,3.870
2025-03-07 01:00:00,3.833
2025-03-07 02:00:00,3.766
2025-03-07 03:00:00,3.829
2025-03-07 04:00:00,3.748
2025-03-07 05:00:00,3.751
2025-03-07 06:00:00,3.767
2025-03-07 07:00:00,3.701
2025-03-07 08:00:00,3.654
2025-03-07 09:00:00,3.669
2025-03-07 10:00:00,3.718
2025-03-07 11:00:00,3.771
2025-03-07 12:00:00,3.822
2025-03-07 13:00:00,3.855
2025-03-07 14:00:00,3.834
2025-03-07 15:00:00,3.807
2025-03-07 16:00:00,3.804
2025-03-07 17:00:00,3.767
2025-03-07 18:00:00,3.775
2025-03-07 19:00:00,3.875
2025-03-07 20:00:00,3.838
2025-03-07 21:00:00,3.855
2025-03-07 22:00:00,3.906
2025-03-07 23:00:00,3.797
2025-03-08 00:00:00,3.801
2025-03-08 01:00:00,3.754
2025-03-08 02:00:00,3.697
2025-03-08 03:00:00,3.798
2025-03-08 04:00:00,3.812
2025-03-08 05:00:00,3.851
2025-03-08 06:00:00,3.810
2025-03-08 07:00:00,3.842
2025-03-08 08:00:00,3.864
2025-03-08 09:00:00,3.887
2025-03-08 10:00:00,3.918
2025-03-08 11:00:00,3.982
2025-03-08 12:00:00,3.959
2025-03-08 13:00:00,4.000
2025-03-08 14:00:00,4.025
2025-03-08 15:00:00,4.053
2025-03-08 16:00:00,4.038
2025-03-08 17:00:00,4.074
2025-03-08 18:00:00,4.152
2025-03-08 19:00:00,4.205
2025-03-08 20:00:00,4.278
2025-03-08 21:00:00,4.262
2025-03-08 22:00:00,4.249
2025-03-08 23:00:00,4.258
2025-03-09 00:00:00,4.142
2025-03-09 01:00:00,4.055
2025-03-09 03:00:00,4.049
2025-03-09 04:00:00,3.948
2025-03-09 05:00:00,4.004
2025-03-09 06:00:00,3.959
2025-03-09 07:00:00,3.894
2025-03-09 08:00:00,3.887
2025-03-09 09:00:00,3.929
2025-03-09 10:00:00,3.954
2025-03-09 11:00:00,3.942
2025-03-09 12:00:00,3.905
2025-03-09 13:00:00,3.874
2025-03-09 14:00:00,3.926
2025-03-09 15:00:00,3.996
2025-03-09 16:00:00,4.021
2025-03-09 17:00:00,3.957
2025-03-09 18:00:00,3.857
2025-03-09 19:00:00,3.876
2025-03-09 20:00:00,3.983
2025-03-09 21:00:00,4.107
2025-03-09 22:00:00,4.063
2025-03-09 23:00:00,4.132
2025-03-10 00:00:00,4.157
2025-03-10 01:00:00,4.124
2025-03-10 02:00:00,4.036
2025-03-10 03:00:00,4.063
2025-03-10 04:00:00,4.038
2025-03-10 05:00:00,4.026
2025-03-10 06:00:00,4.004
2025-03-10 07:00:00,4.015
2025-03-10 08:00:00,4.001
2025-03-10 09:00:00,4.025
2025-03-10 10:00:00,4.081
2025-03-10 11:00:00,3.912
2025-03-10 12:00:00,4.012
2025-03-10 13:00:00,4.125
2025-03-10 14:00:00,4.179
2025-03-10 15:00:00,4.151
2025-03-10 16:00:00,4.223
2025-03-10 17:00:00,4.296
2025-03-10 18:00:00,4.341
2025-03-10 19:00:00,4.349
2025-03-10 20:00:00,4.347
2025-03-10 21:00:00,4.417
2025-03-10 22:00:00,4.423
2025-03-10 23:00:00,4.469
2025-03-11 00:00:00,4.451
2025-03-11 01:00:00,4.381
2025-03-11 02:00:00,4.382
2025-03-11 03:00:00,4.304
2025-03-11 04:00:00,4.262
2025-03-11 05:00:00,4.284
2025-03-11 06:00:00,4.233
2025-03-11 07:00:00,4.341
2025-03-11 08:00:00,4.293
2025-03-11 09:00:00,4.223
2025-03-11 10:00:00,4.205
2025-03-11 11:00:00,4.168
2025-03-11 12:00:00,4.164
2025-03-11 13:00:00,4.149
2025-03-11 14:00:00,4.040
2025-03-11 15:00:00,4.014
2025-03-11 16:00:00,3.982
2025-03-11 17:00:00,3.944
2025-03-11 18:00:00,3.935
2025-03-11 19:00:00,3.944
2025-03-11 20:00:00,3.939
2025-03-11 21:00:00,3.968
2025-03-11 22:00:00,3.984
2025-03-11 23:00:00,3.997
2025-03-12 00:00:00,4.022
2025-03-12 01:00:00,4.037
2025-03-12 02:00:00,4.040
2025-03-12 03:00:00,3.977
2025-03-12 04:00:00,3.865
2025-03-12 05:00:00,3.830
2025-03-12 06:00:00,3.862
2025-03-12 07:00:00,3.871
2025-03-12 08:00:00,3.853
2025-03-12 09:00:00,3.814
2025-03-12 10:00:00,3.886
2025-03-12 11:00:00,3.958
2025-03-12 12:00:00,3.990
2025-03-12 13:00:00,4.058
2025-03-12 14:00:00,3.990
2025-03-12 15:00:00,3.986
2025-03-12 16:00:00,3.974
2025-03-12 17:00:00,3.973
2025-03-12 18:00:00,3.974
2025-03-12 19:00:00,4.018
2025-03-12 20:00:00,3.985
2025-03-12 21:00:00,3.980
2025-03-12 22:00:00,4.021
2025-03-12 23:00:00,4.101
2025-03-13 00:00:00,4.124
2025-03-13 01:00:00,4.116
2025-03-13 02:00:00,4.097
2025-03-13 03:00:00,4.184
2025-03-13 04:00:00,4.171
2025-03-13 05:00:00,4.203
2025-03-13 06:00:00,4.152
2025-03-13 07:00:00,4.142
2025-03-13 08:00:00,4.097
2025-03-13 09:00:00,4.116
2025-03-13 10:00:00,4.158
2025-03-13 11:00:00,4.228
2025-03-13 12:00:00,4.219
2025-03-13 13:00:00,4.246
2025-03-13 14:00:00,4.283
2025-03-13 15:00:00,4.236
2025-03-13 16:00:00,4.221
2025-03-13 17:00:00,4.175
2025-03-13 18:00:00,4.144
2025-03-13 19:00:00,4.095
2025-03-13 20:00:00,4.045
2025-03-13 21:00:00,4.085
2025-03-13 22:00:00,4.078
2025-03-13 23:00:00,4.066
2025-03-14 00:00:00,4.087
2025-03-14 01:00:00,4.051
2025-03-14 02:00:00,4.012
2025-03-14 03:00:00,4.002
2025-03-14 04:00:00,4.009
2025-03-14 05:00:00,3.975
2025-03-14 06:00:00,3.959
2025-03-14 07:00:00,3.959
2025-03-14 08:00:00,3.943
2025-03-14 09:00:00,3.861
2025-03-14 10:00:00,3.754
2025-03-14 11:00:00,3.737
2025-03-14 12:00:00,3.807
2025-03-14 13:00:00,3.848
2025-03-14 14:00:00,3.937
2025-03-14 15:00:00,3.994
2025-03-14 16:00:00,4.011
2025-03-14 17:00:00,4.051
2025-03-14 18:00:00,4.058
2025-03-14 19:00:00,3.979
2025-03-14 20:00:00,4.041
2025-03-14 21:00:00,4.075
2025-03-14 22:00:00,4.121
2025-03-14 23:00:00,4.171
2025-03-15 00:00:00,4.162
2025-03-15 01:00:00,4.193
2025-03-15 02:00:00,4.228
2025-03-15 03:00:00,4.190
2025-03-15 04:00:00,4.330
2025-03-15 05:00:00,4.399
2025-03-15 06:00:00,4.419
2025-03-15 07:00:00,4.453
2025-03-15 08:00:00,4.404
2025-03-15 09:00:00,4.334
2025-03-15 10:00:00,4.219
2025-03-15 11:00:00,4.271
2025-03-15 12:00:00,4.287
2025-03-15 13:00:00,4.250
2025-03-15 14:00:00,4.120
2025-03-15 15:00:00,4.157
2025-03-15 16:00:00,4.157
2025-03-15 17:00:00,4.183
2025-03-15 18:00:00,4.178
2025-03-15 19:00:00,4.127
2025-03-15 20:00:00,4.212
2025-03-15 21:00:00,4.132
2025-03-15 22:00:00,4.184
2025-03-15 23:00:00,4.341
2025-03-16 00:00:00,4.255
2025-03-16 01:00:00,4.307
2025-03-16 02:00:00,4.287
2025-03-16 03:00:00,4.373
2025-03-16 04:00:00,4.479
2025-03-16 05:00:00,4.496
2025-03-16 06:00:00,4.436
2025-03-16 07:00:00,4.462
2025-03-16 08:00:00,4.566
2025-03-16 09:00:00,4.635
2025-03-16 10:00:00,4.601
2025-03-16 11:00:00,4.624
2025-03-16 12:00:00,4.551
2025-03-16 13:00:00,4.569
2025-03-16 14:00:00,4.530
2025-03-16 15:00:00,4.446
2025-03-16 16:00:00,4.454
2025-03-16 17:00:00,4.493
2025-03-16 18:00:00,4.545
2025-03-16 19:00:00,4.479
2025-03-16 20:00:00,4.387
2025-03-16 21:00:00,4.280
2025-03-16 22:00:00,4.282
2025-03-16 23:00:00,4.256
2025-03-17 00:00:00,4.175
2025-03-17 01:00:00,4.117
2025-03-17 02:00:00,4.151
2025-03-17 03:00:00,4.173
2025-03-17 04:00:00,4.091
2025-03-17 05:00:00,4.136
2025-03-17 06:00:00,4.174
2025-03-17 07:00:00,4.256
2025-03-17 08:00:00,4.249
2025-03-17 09:00:00,4.261
2025-03-17 10:00:00,4.313
2025-03-17 11:00:00,4.394
2025-03-17 12:00:00,4.327
2025-03-17 13:00:00,4.247
2025-03-17 14:00:00,4.211
2025-03-17 15:00:00,4.236
2025-03-17 16:00:00,4.438
2025-03-17 17:00:00,4.455
2025-03-17 18:00:00,4.512
2025-03-17 19:00:00,4.585
2025-03-17 20:00:00,4.532
2025-03-17 21:00:00,4.481
2025-03-17 22:00:00,4.522
2025-03-17 23:00:00,4.486
2025-03-18 00:00:00,4.536
2025-03-18 01:00:00,4.556
2025-03-18 02:00:00,4.414
2025-03-18 03:00:00,4.336
2025-03-18 04:00:00,4.297
2025-03-18 05:00:00,4.287
2025-03-18 06:00:00,4.369
2025-03-18 07:00:00,4.308
2025-03-18 08:00:00,4.330
2025-03-18 09:00:00,4.338
2025-03-18 10:00:00,4.348
2025-03-18 11:00:00,4.407
2025-03-18 12:00:00,4.399
2025-03-18 13:00:00,4.360
2025-03-18 14:00:00,4.338
2025-03-18 15:00:00,4.268
2025-03-18 16:00:00,4.285
2025-03-18 17:00:00,4.331
2025-03-18 18:00:00,4.361
2025-03-18 19:00:00,4.414
2025-03-18 20:00:00,4.397
2025-03-18 21:00:00,4.396
2025-03-18 22:00:00,4.380
2025-03-18 23:00:00,4.379
2025-03-19 00:00:00,4.354
2025-03-19 01:00:00,4.390
2025-03-19 02:00:00,4.336
2025-03-19 03:00:00,4.355
2025-03-19 04:00:00,4.400
2025-03-19 05:00:00,4.511
2025-03-19 06:00:00,4.511
2025-03-19 07:00:00,4.596
2025-03-19 08:00:00,4.638
2025-03-19 09:00:00,4.650
2025-03-19 10:00:00,4.696
2025-03-19 11:00:00,4.753
2025-03-19 12:00:00,4.745
2025-03-19 13:00:00,4.666
2025-03-19 14:00:00,4.459
2025-03-19 15:00:00,4.537
2025-03-19 16:00:00,4.473
2025-03-19 17:00:00,4.569
2025-03-19 18:00:00,4.578
2025-03-19 19:00:00,4.687
2025-03-19 20:00:00,4.686
2025-03-19 21:00:00,4.731
2025-03-19 22:00:00,4.701
2025-03-19 23:00:00,4.712
2025-03-20 00:00:00,4.649
2025-03-20 01:00:00,4.574
2025-03-20 02:00:00,4.562
2025-03-20 03:00:00,4.420
2025-03-20 04:00:00,4.381
2025-03-20 05:00:00,4.278
2025-03-20 06:00:00,4.322
2025-03-20 07:00:00,4.295
2025-03-20 08:00:00,4.212
2025-03-20 09:00:00,4.217
2025-03-20 10:00:00,4.318
2025-03-20 11:00:00,4.390
2025-03-20 12:00:00,4.400
2025-03-20 13:00:00,4.419
2025-03-20 14:00:00,4.385
2025-03-20 15:00:00,4.461
2025-03-20 16:00:00,4.366
2025-03-20 17:00:00,4.358
2025-03-20 18:00:00,4.233
2025-03-20 19:00:00,4.256
2025-03-20 20:00:00,4.306
2025-03-20 21:00:00,4.315
2025-03-20 22:00:00,4.266
2025-03-20 23:00:00,4.248
2025-03-21 00:00:00,4.344
2025-03-21 01:00:00,4.304
2025-03-21 02:00:00,4.402
2025-03-21 03:00:00,4.476
2025-03-21 04:00:00,4.524
2025-03-21 05:00:00,4.425
2025-03-21 06:00:00,4.440
2025-03-21 07:00:00,4.406
2025-03-21 08:00:00,4.402
2025-03-21 09:00:00,4.339
2025-03-21 10:00:00,4.423
2025-03-21 11:00:00,4.412
2025-03-21 12:00:00,4.351
2025-03-21 13:00:00,4.409
2025-03-21 14:00:00,4.408
2025-03-21 15:00:00,4.417
2025-03-21 16:00:00,4.448
2025-03-21 17:00:00,4.355
2025-03-21 18:00:00,4.305
2025-03-21 19:00:00,4.321
2025-03-21 20:00:00,4.319
2025-03-21 21:00:00,4.295
2025-03-21 22:00:00,4.253
2025-03-21 23:00:00,4.268
2025-03-22 00:00:00,4.296
2025-03-22 01:00:00,4.425
2025-03-22 02:00:00,4.403
2025-03-22 03:00:00,4.454
2025-03-22 04:00:00,4.439
2025-03-22 05:00:00,4.388
2025-03-22 06:00:00,4.387
2025-03-22 07:00:00,4.394
2025-03-22 08:00:00,4.490
2025-03-22 09:00:00,4.407
2025-03-22 10:00:00,4.431
2025-03-22 11:00:00,4.402
2025-03-22 12:00:00,4.444
2025-03-22 13:00:00,4.417
2025-03-22 14:00:00,4.507
2025-03-22 15:00:00,4.517
2025-03-22 16:00:00,4.450
2025-03-22 17:00:00,4.470
2025-03-22 18:00:00,4.466
2025-03-22 19:00:00,4.459
2025-03-22 20:00:00,4.419
2025-03-22 21:00:00,4.362
2025-03-22 22:00:00,4.269
2025-03-22 23:00:00,4.232
2025-03-23 00:00:00,4.271
2025-03-23 01:00:00,4.242
2025-03-23 02:00:00,4.297
2025-03-23 03:00:00,4.266
2025-03-23 04:00:00,4.195
2025-03-23 05:00:00,4.101
2025-03-23 06:00:00,4.131
2025-03-23 07:00:00,4.202
2025-03-23 08:00:00,4.153
2025-03-23 09:00:00,4.309
2025-03-23 10:00:00,4.336
2025-03-23 11:00:00,4.353
2025-03-23 12:00:00,4.408
2025-03-23 13:00:00,4.375
2025-03-23 14:00:00,4.361
2025-03-23 15:00:00,4.260
2025-03-23 16:00:00,4.236
2025-03-23 17:00:00,4.228
2025-03-23 18:00:00,4.263
2025-03-23 19:00:00,4.313
2025-03-23 20:00:00,4.353
2025-03-23 21:00:00,4.399
2025-03-23 22:00:00,4.340
2025-03-23 23:00:00,4.507
2025-03-24 00:00:00,4.577
2025-03-24 01:00:00,4.552
2025-03-24 02:00:00,4.602
2025-03-24 03:00:00,4.476
2025-03-24 04:00:00,4.421
2025-03-24 05:00:00,4.448
2025-03-24 06:00:00,4.452
2025-03-24 07:00:00,4.537
2025-03-24 08:00:00,4.428
2025-03-24 09:00:00,4.451
2025-03-24 10:00:00,4.595
2025-03-24 11:00:00,4.641
2025-03-24 12:00:00,4.662
2025-03-24 13:00:00,4.740
2025-03-24 14:00:00,4.714
2025-03-24 15:00:00,4.564
2025-03-24 16:00:00,4.517
2025-03-24 17:00:00,4.483
2025-03-24 18:00:00,4.388
2025-03-24 19:00:00,4.384
2025-03-24 20:00:00,4.305
2025-03-24 21:00:00,4.268
2025-03-24 22:00:00,4.317
2025-03-24 23:00:00,4.365
2025-03-25 00:00:00,4.397
2025-03-25 01:00:00,4.381
2025-03-25 02:00:00,4.404
2025-03-25 03:00:00,4.309
2025-03-25 04:00:00,4.278
2025-03-25 05:00:00,4.312
2025-03-25 06:00:00,4.265
2025-03-25 07:00:00,4.225
2025-03-25 08:00:00,4.264
2025-03-25 09:00:00,4.196
2025-03-25 10:00:00,4.289
2025-03-25 11:00:00,4.333
2025-03-25 12:00:00,4.427
2025-03-25 13:00:00,4.472
2025-03-25 14:00:00,4.509
2025-03-25 15:00:00,4.489
2025-03-25 16:00:00,4.458
2025-03-25 17:00:00,4.472
2025-03-25 18:00:00,4.483
2025-03-25 19:00:00,4.417
2025-03-25 20:00:00,4.433
2025-03-25 21:00:00,4.360
2025-03-25 22:00:00,4.246
2025-03-25 23:00:00,4.236
2025-03-26 00:00:00,4.224
2025-03-26 01:00:00,4.316
2025-03-26 02:00:00,4.414
2025-03-26 03:00:00,4.397
2025-03-26 04:00:00,4.325
2025-03-26 05:00:00,4.331
2025-03-26 06:00:00,4.351
2025-03-26 07:00:00,4.370
2025-03-26 08:00:00,4.206
2025-03-26 09:00:00,4.188
2025-03-26 10:00:00,4.195
2025-03-26 11:00:00,4.262
2025-03-26 12:00:00,4.286
2025-03-26 13:00:00,4.268
2025-03-26 14:00:00,4.228
2025-03-26 15:00:00,4.264
2025-03-26 16:00:00,4.235
2025-03-26 17:00:00,4.289
2025-03-26 18:00:00,4.332
2025-03-26 19:00:00,4.355
2025-03-26 20:00:00,4.297
2025-03-26 21:00:00,4.251
2025-03-26 22:00:00,4.266
2025-03-26 23:00:00,4.305
2025-03-27 00:00:00,4.256
2025-03-27 01:00:00,4.287
2025-03-27 02:00:00,4.283
2025-03-27 03:00:00,4.242
2025-03-27 04:00:00,4.349
2025-03-27 05:00:00,4.333
2025-03-27 06:00:00,4.360
2025-03-27 07:00:00,4.318
2025-03-27 08:00:00,4.267
2025-03-27 09:00:00,4.275
2025-03-27 10:00:00,4.346
2025-03-27 11:00:00,4.264
2025-03-27 12:00:00,4.281
2025-03-27 13:00:00,4.357
2025-03-27 14:00:00,4.409
2025-03-27 15:00:00,4.395
2025-03-27 16:00:00,4.447
2025-03-27 17:00:00,4.483
2025-03-27 18:00:00,4.483
2025-03-27 19:00:00,4.582
2025-03-27 20:00:00,4.496
2025-03-27 21:00:00,4.425
2025-03-27 22:00:00,4.340
2025-03-27 23:00:00,4.479
2025-03-28 00:00:00,4.396
2025-03-28 01:00:00,4.409
2025-03-28 02:00:00,4.448
2025-03-28 03:00:00,4.563
2025-03-28 04:00:00,4.457
2025-03-28 05:00:00,4.463
2025-03-28 06:00:00,4.449
2025-03-28 07:00:00,4.594
2025-03-28 08:00:00,4.596
2025-03-28 09:00:00,4.481
2025-03-28 10:00:00,4.488
2025-03-28 11:00:00,4.435
2025-03-28 12:00:00,4.457
2025-03-28 13:00:00,4.363
2025-03-28 14:00:00,4.386
2025-03-28 15:00:00,4.361
2025-03-28 16:00:00,4.412
2025-03-28 17:00:00,4.402
2025-03-28 18:00:00,4.406
2025-03-28 19:00:00,4.476
2025-03-28 20:00:00,4.326
2025-03-28 21:00:00,4.141
2025-03-28 22:00:00,4.198
2025-03-28 23:00:00,4.206
2025-03-29 00:00:00,4.202
2025-03-29 01:00:00,4.185
2025-03-29 02:00:00,4.127
2025-03-29 03:00:00,4.173
2025-03-29 04:00:00,4.113
2025-03-29 05:00:00,4.094
2025-03-29 06:00:00,4.134
2025-03-29 07:00:00,4.100
2025-03-29 08:00:00,4.097
2025-03-29 09:00:00,4.073
2025-03-29 10:00:00,3.985
2025-03-29 11:00:00,3.973
2025-03-29 12:00:00,3.988
2025-03-29 13:00:00,4.046
2025-03-29 14:00:00,4.079
2025-03-29 15:00:00,4.178
2025-03-29 16:00:00,4.310
2025-03-29 17:00:00,4.343
2025-03-29 18:00:00,4.311
2025-03-29 19:00:00,4.318
2025-03-29 20:00:00,4.348
2025-03-29 21:00:00,4.396
2025-03-29 22:00:00,4.425
2025-03-29 23:00:00,4.422
2025-03-30 00:00:00,4.448
2025-03-30 01:00:00,4.456
2025-03-30 02:00:00,4.499
2025-03-30 03:00:00,4.516
2025-03-30 04:00:00,4.656
2025-03-30 05:00:00,4.612
2025-03-30 06:00:00,4.609
2025-03-30 07:00:00,4.608
2025-03-30 08:00:00,4.753
2025-03-30 09:00:00,4.688
2025-03-30 10:00:00,4.660
2025-03-30 11:00:00,4.579
2025-03-30 12:00:00,4.523
2025-03-30 13:00:00,4.547
2025-03-30 14:00:00,4.505
2025-03-30 15:00:00,4.450
2025-03-30 16:00:00,4.479
2025-03-30 17:00:00,4.416
2025-03-30 18:00:00,4.385
2025-03-30 19:00:00,4.384
2025-03-30 20:00:00,4.328
2025-03-30 21:00:00,4.287
2025-03-30 22:00:00,4.384
2025-03-30 23:00:00,4.307
2025-03-31 00:00:00,4.311
2025-03-31 01:00:00,4.390
2025-03-31 02:00:00,4.399
2025-03-31 03:00:00,4.434
2025-03-31 04:00:00,4.418
2025-03-31 05:00:00,4.399
2025-03-31 06:00:00,4.394
2025-03-31 07:00:00,4.456
2025-03-31 08:00:00,4.434
2025-03-31 09:00:00,4.499
2025-03-31 10:00:00,4.623
2025-03-31 11:00:00,4.671
2025-03-31 12:00:00,4.683
2025-03-31 13:00:00,4.723
2025-03-31 14:00:00,4.746
2025-03-31 15:00:00,4.774
2025-03-31 16:00:00,4.764
2025-03-31 17:00:00,4.724
2025-03-31 18:00:00,4.805
2025-03-31 19:00:00,4.788
2025-03-31 20:00:00,4.759
2025-03-31 21:00:00,4.760
2025-03-31 22:00:00,4.705
2025-03-31 23:00:00,4.555
2025-04-01 00:00:00,4.532
2025-04-01 01:00:00,4.499
2025-04-01 02:00:00,4.489
2025-04-01 03:00:00,4.511
2025-04-01 04:00:00,4.595
2025-04-01 05:00:00,4.629
2025-04-01 06:00:00,4.632
2025-04-01 07:00:00,4.489
2025-04-01 08:00:00,4.473
2025-04-01 09:00:00,4.456
2025-04-01 10:00:00,4.510
2025-04-01 11:00:00,4.571
2025-04-01 12:00:00,4.545
2025-04-01 13:00:00,4.578
2025-04-01 14:00:00,4.565
2025-04-01 15:00:00,4.495
2025-04-01 16:00:00,4.404
2025-04-01 17:00:00,4.439
2025-04-01 18:00:00,4.540
2025-04-01 19:00:00,4.590
2025-04-01 20:00:00,4.583
2025-04-01 21:00:00,4.558
2025-04-01 22:00:00,4.533
2025-04-01 23:00:00,4.594
2025-04-02 00:00:00,4.484
2025-04-02 01:00:00,4.465
2025-04-02 02:00:00,4.469
2025-04-02 03:00:00,4.475
2025-04-02 04:00:00,4.466
2025-04-02 05:00:00,4.458
2025-04-02 06:00:00,4.464
2025-04-02 07:00:00,4.476
2025-04-02 08:00:00,4.488
2025-04-02 09:00:00,4.458
2025-04-02 10:00:00,4.472
2025-04-02 11:00:00,4.502
2025-04-02 12:00:00,4.567
2025-04-02 13:00:00,4.582
2025-04-02 14:00:00,4.602
2025-04-02 15:00:00,4.703
2025-04-02 16:00:00,4.766
2025-04-02 17:00:00,4.884
2025-04-02 18:00:00,4.841
2025-04-02 19:00:00,4.704
2025-04-02 20:00:00,4.647
2025-04-02 21:00:00,4.622
2025-04-02 22:00:00,4.532
2025-04-02 23:00:00,4.575
2025-04-03 00:00:00,4.571
2025-04-03 01:00:00,4.605
2025-04-03 02:00:00,4.546
2025-04-03 03:00:00,4.435
2025-04-03 04:00:00,4.370
2025-04-03 05:00:00,4.396
2025-04-03 06:00:00,4.410
2025-04-03 07:00:00,4.477
2025-04-03 08:00:00,4.455
2025-04-03 09:00:00,4.450
2025-04-03 10:00:00,4.341
2025-04-03 11:00:00,4.244
2025-04-03 12:00:00,4.224
2025-04-03 13:00:00,4.249
2025-04-03 14:00:00,4.320
2025-04-03 15:00:00,4.413
2025-04-03 16:00:00,4.492
2025-04-03 17:00:00,4.529
2025-04-03 18:00:00,4.555
2025-04-03 19:00:00,4.535
2025-04-03 20:00:00,4.441
2025-04-03 21:00:00,4.388
2025-04-03 22:00:00,4.346
2025-04-03 23:00:00,4.357
2025-04-04 00:00:00,4.376
2025-04-04 01:00:00,4.323
2025-04-04 02:00:00,4.416
2025-04-04 03:00:00,4.333
2025-04-04 04:00:00,4.332
2025-04-04 05:00:00,4.423
2025-04-04 06:00:00,4.599
2025-04-04 07:00:00,4.529
2025-04-04 08:00:00,4.469
2025-04-04 09:00:00,4.392
2025-04-04 10:00:00,4.288
2025-04-04 11:00:00,4.268
2025-04-04 12:00:00,4.215
2025-04-04 13:00:00,4.235
2025-04-04 14:00:00,4.142
2025-04-04 15:00:00,4.109
2025-04-04 16:00:00,4.226
2025-04-04 17:00:00,4.226
2025-04-04 18:00:00,4.337
2025-04-04 19:00:00,4.373
2025-04-04 20:00:00,4.445
2025-04-04 21:00:00,4.427
2025-04-04 22:00:00,4.401
2025-04-04 23:00:00,4.438
2025-04-05 00:00:00,4.434
2025-04-05 01:00:00,4.336
2025-04-05 02:00:00,4.324
2025-04-05 03:00:00,4.325
2025-04-05 04:00:00,4.343
2025-04-05 05:00:00,4.349
2025-04-05 06:00:00,4.411
2025-04-05 07:00:00,4.357
2025-04-05 08:00:00,4.459
2025-04-05 09:00:00,4.400
2025-04-05 10:00:00,4.456
2025-04-05 11:00:00,4.478
2025-04-05 12:00:00,4.444
2025-04-05 13:00:00,4.443
2025-04-05 14:00:00,4.407
2025-04-05 15:00:00,4.323
2025-04-05 16:00:00,4.298
2025-04-05 17:00:00,4.351
2025-04-05 18:00:00,4.356
2025-04-05 19:00:00,4.295
2025-04-05 20:00:00,4.246
2025-04-05 21:00:00,4.190
2025-04-05 22:00:00,4.166
2025-04-05 23:00:00,4.173
2025-04-06 00:00:00,4.233
2025-04-06 01:00:00,4.243
2025-04-06 02:00:00,4.214
2025-04-06 03:00:00,4.244
2025-04-06 04:00:00,4.100
2025-04-06 05:00:00,4.097
2025-04-06 06:00:00,4.210
2025-04-06 07:00:00,4.237
2025-04-06 08:00:00,4.218
2025-04-06 09:00:00,4.226
2025-04-06 10:00:00,4.234
2025-04-06 11:00:00,4.248
2025-04-06 12:00:00,4.225
2025-04-06 13:00:00,4.199
2025-04-06 14:00:00,4.150
2025-04-06 15:00:00,4.150
2025-04-06 16:00:00,4.173
2025-04-06 17:00:00,4.181
2025-04-06 18:00:00,4.245
2025-04-06 19:00:00,4.283
2025-04-06 20:00:00,4.232
2025-04-06 21:00:00,4.176
2025-04-06 22:00:00,4.212
2025-04-06 23:00:00,4.092
2025-04-07 00:00:00,4.123
2025-04-07 01:00:00,4.261
2025-04-07 02:00:00,4.151
2025-04-07 03:00:00,4.045
2025-04-07 04:00:00,4.027
2025-04-07 05:00:00,3.988
2025-04-07 06:00:00,4.018
2025-04-07 07:00:00,4.054
2025-04-07 08:00:00,4.098
2025-04-07 09:00:00,4.073
2025-04-07 10:00:00,4.081
2025-04-07 11:00:00,4.146
2025-04-07 12:00:00,4.159
2025-04-07 13:00:00,4.153
2025-04-07 14:00:00,4.163
2025-04-07 15:00:00,4.108
2025-04-07 16:00:00,4.081
2025-04-07 17:00:00,4.135
2025-04-07 18:00:00,4.143
2025-04-07 19:00:00,4.211
2025-04-07 20:00:00,4.152
2025-04-07 21:00:00,4.121
2025-04-07 22:00:00,4.214
2025-04-07 23:00:00,4.208
2025-04-08 00:00:00,4.189
2025-04-08 01:00:00,4.213
2025-04-08 02:00:00,4.334
2025-04-08 03:00:00,4.262
2025-04-08 04:00:00,4.262
2025-04-08 05:00:00,4.360
2025-04-08 06:00:00,4.317
2025-04-08 07:00:00,4.351
2025-04-08 08:00:00,4.307
2025-04-08 09:00:00,4.370
2025-04-08 10:00:00,4.328
2025-04-08 11:00:00,4.216
2025-04-08 12:00:00,4.287
2025-04-08 13:00:00,4.264
2025-04-08 14:00:00,4.252
2025-04-08 15:00:00,4.258
2025-04-08 16:00:00,4.286
2025-04-08 17:00:00,4.312
2025-04-08 18:00:00,4.279
2025-04-08 19:00:00,4.324
2025-04-08 20:00:00,4.403
2025-04-08 21:00:00,4.332
2025-04-08 22:00:00,4.323
2025-04-08 23:00:00,4.256
2025-04-09 00:00:00,4.240
2025-04-09 01:00:00,4.208
2025-04-09 02:00:00,4.209
2025-04-09 03:00:00,4.149
2025-04-09 04:00:00,4.177
2025-04-09 05:00:00,4.167
2025-04-09 06:00:00,4.133
2025-04-09 07:00:00,4.154
2025-04-09 08:00:00,4.216
2025-04-09 09:00:00,4.183
2025-04-09 10:00:00,4.166
2025-04-09 11:00:00,4.058
2025-04-09 12:00:00,4.092
2025-04-09 13:00:00,4.089
2025-04-09 14:00:00,4.063
2025-04-09 15:00:00,4.049
2025-04-09 16:00:00,4.046
2025-04-09 17:00:00,4.067
2025-04-09 18:00:00,4.009
2025-04-09 19:00:00,4.072
2025-04-09 20:00:00,4.051
2025-04-09 21:00:00,4.135
2025-04-09 22:00:00,4.013
2025-04-09 23:00:00,4.088
2025-04-10 00:00:00,4.118
2025-04-10 01:00:00,4.078
2025-04-10 02:00:00,4.211
2025-04-10 03:00:00,4.230
2025-04-10 04:00:00,4.253
2025-04-10 05:00:00,4.309
2025-04-10 06:00:00,4.363
2025-04-10 07:00:00,4.335
2025-04-10 08:00:00,4.402
2025-04-10 09:00:00,4.478
2025-04-10 10:00:00,4.572
2025-04-10 11:00:00,4.519
2025-04-10 12:00:00,4.583
2025-04-10 13:00:00,4.666
2025-04-10 14:00:00,4.598
2025-04-10 15:00:00,4.578
2025-04-10 16:00:00,4.672
2025-04-10 17:00:00,4.773
2025-04-10 18:00:00,4.705
2025-04-10 19:00:00,4.700
2025-04-10 20:00:00,4.678
2025-04-10 21:00:00,4.649
2025-04-10 22:00:00,4.565
2025-04-10 23:00:00,4.505
2025-04-11 00:00:00,4.447
2025-04-11 01:00:00,4.455
2025-04-11 02:00:00,4.370
2025-04-11 03:00:00,4.349
2025-04-11 04:00:00,4.334
2025-04-11 05:00:00,4.278
2025-04-11 06:00:00,4.219
2025-04-11 07:00:00,4.197
2025-04-11 08:00:00,4.173
2025-04-11 09:00:00,4.190
2025-04-11 10:00:00,4.099
2025-04-11 11:00:00,4.134
2025-04-11 12:00:00,4.150
2025-04-11 13:00:00,4.115
2025-04-11 14:00:00,4.098
2025-04-11 15:00:00,4.050
2025-04-11 16:00:00,4.022
2025-04-11 17:00:00,4.061
2025-04-11 18:00:00,4.116
2025-04-11 19:00:00,4.225
2025-04-11 20:00:00,4.240
2025-04-11 21:00:00,4.280
2025-04-11 22:00:00,4.301
2025-04-11 23:00:00,4.315
2025-04-12 00:00:00,4.302
2025-04-12 01:00:00,4.249
2025-04-12 02:00:00,4.238
2025-04-12 03:00:00,4.174
2025-04-12 04:00:00,4.111
2025-04-12 05:00:00,4.225
2025-04-12 06:00:00,4.282
2025-04-12 07:00:00,4.259
2025-04-12 08:00:00,4.243
2025-04-12 09:00:00,4.276
2025-04-12 10:00:00,4.223
2025-04-12 11:00:00,4.200
2025-04-12 12:00:00,4.298
2025-04-12 13:00:00,4.240
2025-04-12 14:00:00,4.236
2025-04-12 15:00:00,4.198
2025-04-12 16:00:00,4.257
2025-04-12 17:00:00,4.266
2025-04-12 18:00:00,4.201
2025-04-12 19:00:00,4.142
2025-04-12 20:00:00,4.201
2025-04-12 21:00:00,4.208
2025-04-12 22:00:00,4.186
2025-04-12 23:00:00,4.112
2025-04-13 00:00:00,4.089
2025-04-13 01:00:00,4.069
2025-04-13 02:00:00,3.985
2025-04-13 03:00:00,3.971
2025-04-13 04:00:00,4.016
2025-04-13 05:00:00,3.983
2025-04-13 06:00:00,3.920
2025-04-13 07:00:00,3.885
2025-04-13 08:00:00,3.898
2025-04-13 09:00:00,3.830
2025-04-13 10:00:00,3.869
2025-04-13 11:00:00,3.869
2025-04-13 12:00:00,3.811
2025-04-13 13:00:00,3.804
2025-04-13 14:00:00,3.847
2025-04-13 15:00:00,3.916
2025-04-13 16:00:00,3.927
2025-04-13 17:00:00,4.054
2025-04-13 18:00:00,4.215
2025-04-13 19:00:00,4.245
2025-04-13 20:00:00,4.260
2025-04-13 21:00:00,4.249
2025-04-13 22:00:00,4.264
2025-04-13 23:00:00,4.262
2025-04-14 00:00:00,4.407
2025-04-14 01:00:00,4.507
2025-04-14 02:00:00,4.502
2025-04-14 03:00:00,4.555
2025-04-14 04:00:00,4.609
2025-04-14 05:00:00,4.589
2025-04-14 06:00:00,4.667
2025-04-14 07:00:00,4.634
2025-04-14 08:00:00,4.540
2025-04-14 09:00:00,4.523
2025-04-14 10:00:00,4.516
2025-04-14 11:00:00,4.529
2025-04-14 12:00:00,4.504
2025-04-14 13:00:00,4.418
2025-04-14 14:00:00,4.385
2025-04-14 15:00:00,4.369
2025-04-14 16:00:00,4.385
2025-04-14 17:00:00,4.366
2025-04-14 18:00:00,4.226
2025-04-14 19:00:00,4.208
2025-04-14 20:00:00,4.163
2025-04-14 21:00:00,4.136
2025-04-14 22:00:00,4.063
2025-04-14 23:00:00,4.017
2025-04-15 00:00:00,3.977
2025-04-15 01:00:00,3.946
2025-04-15 02:00:00,3.907
2025-04-15 03:00:00,3.837
2025-04-15 04:00:00,3.780
2025-04-15 05:00:00,3.841
2025-04-15 06:00:00,3.888
2025-04-15 07:00:00,3.851
2025-04-15 08:00:00,3.867
2025-04-15 09:00:00,3.887
2025-04-15 10:00:00,3.890
2025-04-15 11:00:00,3.847
2025-04-15 12:00:00,3.859
2025-04-15 13:00:00,3.877
2025-04-15 14:00:00,3.997
2025-04-15 15:00:00,3.982
2025-04-15 16:00:00,3.990
2025-04-15 17:00:00,4.015
2025-04-15 18:00:00,4.045
2025-04-15 19:00:00,3.975
2025-04-15 20:00:00,4.004
2025-04-15 21:00:00,3.974
2025-04-15 22:00:00,3.929
2025-04-15 23:00:00,3.940
2025-04-16 00:00:00,3.946
2025-04-16 01:00:00,3.911
2025-04-16 02:00:00,3.861
2025-04-16 03:00:00,3.839
2025-04-16 04:00:00,3.906
2025-04-16 05:00:00,3.891
2025-04-16 06:00:00,3.901
2025-04-16 07:00:00,3.855
2025-04-16 08:00:00,3.829
2025-04-16 09:00:00,3.888
2025-04-16 10:00:00,3.854
2025-04-16 11:00:00,3.923
2025-04-16 12:00:00,3.949
2025-04-16 13:00:00,3.935
2025-04-16 14:00:00,4.021
2025-04-16 15:00:00,4.044
2025-04-16 16:00:00,4.117
2025-04-16 17:00:00,4.143
2025-04-16 18:00:00,4.152
2025-04-16 19:00:00,4.199
2025-04-16 20:00:00,4.191
2025-04-16 21:00:00,4.150
2025-04-16 22:00:00,4.185
2025-04-16 23:00:00,4.066
2025-04-17 00:00:00,4.005
2025-04-17 01:00:00,3.985
2025-04-17 02:00:00,3.937
2025-04-17 03:00:00,4.007
2025-04-17 04:00:00,4.014
2025-04-17 05:00:00,3.964
2025-04-17 06:00:00,4.003
2025-04-17 07:00:00,4.058
2025-04-17 08:00:00,4.045
2025-04-17 09:00:00,4.069
2025-04-17 10:00:00,4.085
2025-04-17 11:00:00,4.121
2025-04-17 12:00:00,4.085
2025-04-17 13:00:00,4.098
2025-04-17 14:00:00,4.106
2025-04-17 15:00:00,4.088
2025-04-17 16:00:00,4.132
2025-04-17 17:00:00,4.147
2025-04-17 18:00:00,4.229
2025-04-17 19:00:00,4.266
2025-04-17 20:00:00,4.246
2025-04-17 21:00:00,4.409
2025-04-17 22:00:00,4.369
2025-04-17 23:00:00,4.332
2025-04-18 00:00:00,4.375
2025-04-18 01:00:00,4.396
2025-04-18 02:00:00,4.380
2025-04-18 03:00:00,4.239
2025-04-18 04:00:00,4.203
2025-04-18 05:00:00,4.197
2025-04-18 06:00:00,4.157
2025-04-18 07:00:00,4.168
2025-04-18 08:00:00,4.146
2025-04-18 09:00:00,4.191
2025-04-18 10:00:00,4.225
2025-04-18 11:00:00,4.267
2025-04-18 12:00:00,4.393
2025-04-18 13:00:00,4.432
2025-04-18 14:00:00,4.415
2025-04-18 15:00:00,4.287
2025-04-18 16:00:00,4.253
2025-04-18 17:00:00,4.285
2025-04-18 18:00:00,4.235
2025-04-18 19:00:00,4.276
2025-04-18 20:00:00,4.262
2025-04-18 21:00:00,4.219
2025-04-18 22:00:00,4.146
2025-04-18 23:00:00,4.057
2025-04-19 00:00:00,3.947
2025-04-19 01:00:00,3.987
2025-04-19 02:00:00,3.931
2025-04-19 03:00:00,3.919
2025-04-19 04:00:00,3.836
2025-04-19 05:00:00,3.808
2025-04-19 06:00:00,3.805
2025-04-19 07:00:00,3.837
2025-04-19 08:00:00,3.728
2025-04-19 09:00:00,3.706
2025-04-19 10:00:00,3.653
2025-04-19 11:00:00,3.632
2025-04-19 12:00:00,3.695
2025-04-19 13:00:00,3.737
2025-04-19 14:00:00,3.726
2025-04-19 15:00:00,3.714
2025-04-19 16:00:00,3.777
2025-04-19 17:00:00,3.855
2025-04-19 18:00:00,3.930
2025-04-19 19:00:00,4.067
2025-04-19 20:00:00,4.111
2025-04-19 21:00:00,4.098
2025-04-19 22:00:00,4.153
2025-04-19 23:00:00,4.181
2025-04-20 00:00:00,4.218
2025-04-20 01:00:00,4.234
2025-04-20 02:00:00,4.245
2025-04-20 03:00:00,4.277
2025-04-20 04:00:00,4.335
2025-04-20 05:00:00,4.331
2025-04-20 06:00:00,4.292
2025-04-20 07:00:00,4.277
2025-04-20 08:00:00,4.311
2025-04-20 09:00:00,4.266
2025-04-20 10:00:00,4.285
2025-04-20 11:00:00,4.318
2025-04-20 12:00:00,4.335
2025-04-20 13:00:00,4.387
2025-04-20 14:00:00,4.410
2025-04-20 15:00:00,4.393
2025-04-20 16:00:00,4.516
2025-04-20 17:00:00,4.501
2025-04-20 18:00:00,4.594
2025-04-20 19:00:00,4.583
2025-04-20 20:00:00,4.588
2025-04-20 21:00:00,4.535
2025-04-20 22:00:00,4.510
2025-04-20 23:00:00,4.459
2025-04-21 00:00:00,4.412
2025-04-21 01:00:00,4.400
2025-04-21 02:00:00,4.430
2025-04-21 03:00:00,4.446
2025-04-21 04:00:00,4.439
2025-04-21 05:00:00,4.492
2025-04-21 06:00:00,4.537
2025-04-21 07:00:00,4.524
2025-04-21 08:00:00,4.509
2025-04-21 09:00:00,4.432
2025-04-21 10:00:00,4.441
2025-04-21 11:00:00,4.408
2025-04-21 12:00:00,4.371
2025-04-21 13:00:00,4.351
2025-04-21 14:00:00,4.304
2025-04-21 15:00:00,4.332
2025-04-21 16:00:00,4.341
2025-04-21 17:00:00,4.356
2025-04-21 18:00:00,4.407
2025-04-21 19:00:00,4.450
2025-04-21 20:00:00,4.340
2025-04-21 21:00:00,4.336
2025-04-21 22:00:00,4.332
2025-04-21 23:00:00,4.340
2025-04-22 00:00:00,4.274
2025-04-22 01:00:00,4.218
2025-04-22 02:00:00,4.195
2025-04-22 03:00:00,4.099
2025-04-22 04:00:00,4.031
2025-04-22 05:00:00,4.101
2025-04-22 06:00:00,4.151
2025-04-22 07:00:00,4.135
2025-04-22 08:00:00,4.096
2025-04-22 09:00:00,4.145
2025-04-22 10:00:00,4.120
2025-04-22 11:00:00,4.110
2025-04-22 12:00:00,4.020
2025-04-22 13:00:00,3.988
2025-04-22 14:00:00,3.958
2025-04-22 15:00:00,3.974
2025-04-22 16:00:00,3.984
2025-04-22 17:00:00,4.033
2025-04-22 18:00:00,4.036
2025-04-22 19:00:00,3.980
2025-04-22 20:00:00,3.974
2025-04-22 21:00:00,4.005
2025-04-22 22:00:00,3.990
2025-04-22 23:00:00,3.915
2025-04-23 00:00:00,3.895
2025-04-23 01:00:00,3.868
2025-04-23 02:00:00,3.795
2025-04-23 03:00:00,3.814
2025-04-23 04:00:00,3.706
2025-04-23 05:00:00,3.697
2025-04-23 06:00:00,3.681
2025-04-23 07:00:00,3.705
2025-04-23 08:00:00,3.700
2025-04-23 09:00:00,3.666
2025-04-23 10:00:00,3.699
2025-04-23 11:00:00,3.683
2025-04-23 12:00:00,3.679
2025-04-23 13:00:00,3.658
2025-04-23 14:00:00,3.646
2025-04-23 15:00:00,3.752
2025-04-23 16:00:00,3.704
2025-04-23 17:00:00,3.786
2025-04-23 18:00:00,3.852
2025-04-23 19:00:00,3.966
2025-04-23 20:00:00,4.114
2025-04-23 21:00:00,4.008
2025-04-23 22:00:00,4.053
2025-04-23 23:00:00,4.151
2025-04-24 00:00:00,4.147
2025-04-24 01:00:00,4.169
2025-04-24 02:00:00,4.179
2025-04-24 03:00:00,4.199
2025-04-24 04:00:00,4.245
2025-04-24 05:00:00,4.229
2025-04-24 06:00:00,4.158
2025-04-24 07:00:00,4.252
2025-04-24 08:00:00,4.214
2025-04-24 09:00:00,4.166
2025-04-24 10:00:00,4.202
2025-04-24 11:00:00,4.111
2025-04-24 12:00:00,4.065
2025-04-24 13:00:00,4.104
2025-04-24 14:00:00,4.137
2025-04-24 15:00:00,4.076
2025-04-24 16:00:00,4.090
2025-04-24 17:00:00,4.185
2025-04-24 18:00:00,4.186
2025-04-24 19:00:00,4.175
2025-04-24 20:00:00,4.211
2025-04-24 21:00:00,4.239
2025-04-24 22:00:00,4.123
2025-04-24 23:00:00,4.085
2025-04-25 00:00:00,4.091
2025-04-25 01:00:00,4.107
2025-04-25 02:00:00,4.130
2025-04-25 03:00:00,4.096
2025-04-25 04:00:00,4.127
2025-04-25 05:00:00,4.135
2025-04-25 06:00:00,4.212
2025-04-25 07:00:00,4.161
2025-04-25 08:00:00,4.220
2025-04-25 09:00:00,4.147
2025-04-25 10:00:00,4.260
2025-04-25 11:00:00,4.216
2025-04-25 12:00:00,4.268
2025-04-25 13:00:00,4.254
2025-04-25 14:00:00,4.203
2025-04-25 15:00:00,4.206
2025-04-25 16:00:00,4.195
2025-04-25 17:00:00,4.164
2025-04-25 18:00:00,4.168
2025-04-25 19:00:00,4.224
2025-04-25 20:00:00,4.213
2025-04-25 21:00:00,4.172
2025-04-25 22:00:00,4.152
2025-04-25 23:00:00,4.110
2025-04-26 00:00:00,4.010
2025-04-26 01:00:00,3.979
2025-04-26 02:00:00,3.979
2025-04-26 03:00:00,3.996
2025-04-26 04:00:00,4.049
2025-04-26 05:00:00,4.050
2025-04-26 06:00:00,3.995
2025-04-26 07:00:00,3.996
2025-04-26 08:00:00,4.044
2025-04-26 09:00:00,3.904
2025-04-26 10:00:00,3.980
2025-04-26 11:00:00,3.963
2025-04-26 12:00:00,3.973
2025-04-26 13:00:00,4.062
2025-04-26 14:00:00,4.105
2025-04-26 15:00:00,4.124
2025-04-26 16:00:00,4.125
2025-04-26 17:00:00,4.150
2025-04-26 18:00:00,4.234
2025-04-26 19:00:00,4.271
2025-04-26 20:00:00,4.320
2025-04-26 21:00:00,4.342
2025-04-26 22:00:00,4.268
2025-04-26 23:00:00,4.254
2025-04-27 00:00:00,4.360
2025-04-27 01:00:00,4.425
2025-04-27 02:00:00,4.429
2025-04-27 03:00:00,4.279
2025-04-27 04:00:00,4.365
2025-04-27 05:00:00,4.435
2025-04-27 06:00:00,4.427
2025-04-27 07:00:00,4.418
2025-04-27 08:00:00,4.383
2025-04-27 09:00:00,4.355
2025-04-27 10:00:00,4.391
2025-04-27 11:00:00,4.406
2025-04-27 12:00:00,4.481
2025-04-27 13:00:00,4.411
2025-04-27 14:00:00,4.325
2025-04-27 15:00:00,4.408
2025-04-27 16:00:00,4.405
2025-04-27 17:00:00,4.384
2025-04-27 18:00:00,4.448
2025-04-27 19:00:00,4.419
2025-04-27 20:00:00,4.341
2025-04-27 21:00:00,4.260
2025-04-27 22:00:00,4.244
2025-04-27 23:00:00,4.122
2025-04-28 00:00:00,4.150
2025-04-28 01:00:00,4.132
2025-04-28 02:00:00,4.118
2025-04-28 03:00:00,4.128
2025-04-28 04:00:00,4.141
2025-04-28 05:00:00,4.156
2025-04-28 06:00:00,4.156
2025-04-28 07:00:00,4.127
2025-04-28 08:00:00,4.167
2025-04-28 09:00:00,4.210
2025-04-28 10:00:00,4.297
2025-04-28 11:00:00,4.195
2025-04-28 12:00:00,4.261
2025-04-28 13:00:00,4.204
2025-04-28 14:00:00,4.367
2025-04-28 15:00:00,4.402
2025-04-28 16:00:00,4.459
2025-04-28 17:00:00,4.616
2025-04-28 18:00:00,4.587
2025-04-28 19:00:00,4.611
2025-04-28 20:00:00,4.658
2025-04-28 21:00:00,4.654
2025-04-28 22:00:00,4.678
2025-04-28 23:00:00,4.598
2025-04-29 00:00:00,4.534
2025-04-29 01:00:00,4.612
2025-04-29 02:00:00,4.646
2025-04-29 03:00:00,4.645
2025-04-29 04:00:00,4.606
2025-04-29 05:00:00,4.640
2025-04-29 06:00:00,4.690
2025-04-29 07:00:00,4.657
2025-04-29 08:00:00,4.731
2025-04-29 09:00:00,4.685
2025-04-29 10:00:00,4.658
2025-04-29 11:00:00,4.730
2025-04-29 12:00:00,4.726
2025-04-29 13:00:00,4.749
2025-04-29 14:00:00,4.826
2025-04-29 15:00:00,4.815
2025-04-29 16:00:00,4.730
2025-04-29 17:00:00,4.715
2025-04-29 18:00:00,4.653
2025-04-29 19:00:00,4.599
2025-04-29 20:00:00,4.682
2025-04-29 21:00:00,4.636
2025-04-29 22:00:00,4.585
2025-04-29 23:00:00,4.662
2025-04-30 00:00:00,4.654
2025-04-30 01:00:00,4.734
2025-04-30 02:00:00,4.688
2025-04-30 03:00:00,4.628
2025-04-30 04:00:00,4.618
2025-04-30 05:00:00,4.606
2025-04-30 06:00:00,4.622
2025-04-30 07:00:00,4.583
2025-04-30 08:00:00,4.622
2025-04-30 09:00:00,4.517
2025-04-30 10:00:00,4.512
2025-04-30 11:00:00,4.514
2025-04-30 12:00:00,4.597
2025-04-30 13:00:00,4.576
2025-04-30 14:00:00,4.669
2025-04-30 15:00:00,4.702
2025-04-30 16:00:00,4.710
2025-04-30 17:00:00,4.652
2025-04-30 18:00:00,4.592
2025-04-30 19:00:00,4.560
2025-04-30 20:00:00,4.497
2025-04-30 21:00:00,4.394
2025-04-30 22:00:00,4.321
2025-04-30 23:00:00,4.275
2025-05-01 00:00:00,4.245
2025-05-01 01:00:00,4.211
2025-05-01 02:00:00,4.193
2025-05-01 03:00:00,4.209
2025-05-01 04:00:00,4.174
2025-05-01 05:00:00,4.109
2025-05-01 06:00:00,4.230
2025-05-01 07:00:00,4.182
2025-05-01 08:00:00,4.208
2025-05-01 09:00:00,4.242
2025-05-01 10:00:00,4.214
2025-05-01 11:00:00,4.211
2025-05-01 12:00:00,4.214
2025-05-01 13:00:00,4.260
2025-05-01 14:00:00,4.248
2025-05-01 15:00:00,4.246
2025-05-01 16:00:00,4.347
2025-05-01 17:00:00,4.462
2025-05-01 18:00:00,4.493
2025-05-01 19:00:00,4.566
2025-05-01 20:00:00,4.688
2025-05-01 21:00:00,4.704
2025-05-01 22:00:00,4.738
2025-05-01 23:00:00,4.732
2025-05-02 00:00:00,4.685
2025-05-02 01:00:00,4.583
2025-05-02 02:00:00,4.552
2025-05-02 03:00:00,4.539
2025-05-02 04:00:00,4.501
2025-05-02 05:00:00,4.497
2025-05-02 06:00:00,4.469
2025-05-02 07:00:00,4.442
2025-05-02 08:00:00,4.420
2025-05-02 09:00:00,4.540
2025-05-02 10:00:00,4.590
2025-05-02 11:00:00,4.562
2025-05-02 12:00:00,4.556
2025-05-02 13:00:00,4.471
2025-05-02 14:00:00,4.464
2025-05-02 15:00:00,4.433
2025-05-02 16:00:00,4.454
2025-05-02 17:00:00,4.448
2025-05-02 18:00:00,4.411
2025-05-02 19:00:00,4.332
2025-05-02 20:00:00,4.390
2025-05-02 21:00:00,4.443
2025-05-02 22:00:00,4.495
2025-05-02 23:00:00,4.557
2025-05-03 00:00:00,4.543
2025-05-03 01:00:00,4.591
2025-05-03 02:00:00,4.571
2025-05-03 03:00:00,4.582
2025-05-03 04:00:00,4.565
2025-05-03 05:00:00,4.518
2025-05-03 06:00:00,4.637
2025-05-03 07:00:00,4.615
2025-05-03 08:00:00,4.678
2025-05-03 09:00:00,4.670
2025-05-03 10:00:00,4.682
2025-05-03 11:00:00,4.678
2025-05-03 12:00:00,4.690
2025-05-03 13:00:00,4.714
2025-05-03 14:00:00,4.793
2025-05-03 15:00:00,4.815
2025-05-03 16:00:00,4.856
2025-05-03 17:00:00,4.833
2025-05-03 18:00:00,4.759
2025-05-03 19:00:00,4.701
2025-05-03 20:00:00,4.648
2025-05-03 21:00:00,4.697
2025-05-03 22:00:00,4.704
2025-05-03 23:00:00,4.729
2025-05-04 00:00:00,4.735
2025-05-04 01:00:00,4.714
2025-05-04 02:00:00,4.678
2025-05-04 03:00:00,4.523
2025-05-04 04:00:00,4.474
2025-05-04 05:00:00,4.434
2025-05-04 06:00:00,4.343
2025-05-04 07:00:00,4.389
2025-05-04 08:00:00,4.361
2025-05-04 09:00:00,4.415
2025-05-04 10:00:00,4.399
2025-05-04 11:00:00,4.402
2025-05-04 12:00:00,4.363
2025-05-04 13:00:00,4.408
2025-05-04 14:00:00,4.492
2025-05-04 15:00:00,4.526
2025-05-04 16:00:00,4.495
2025-05-04 17:00:00,4.525
2025-05-04 18:00:00,4.482
2025-05-04 19:00:00,4.394
2025-05-04 20:00:00,4.470
2025-05-04 21:00:00,4.509
2025-05-04 22:00:00,4.653
2025-05-04 23:00:00,4.677
2025-05-05 00:00:00,4.661
2025-05-05 01:00:00,4.593
2025-05-05 02:00:00,4.585
2025-05-05 03:00:00,4.543
2025-05-05 04:00:00,4.513
2025-05-05 05:00:00,4.460
2025-05-05 06:00:00,4.472
2025-05-05 07:00:00,4.374
2025-05-05 08:00:00,4.388
2025-05-05 09:00:00,4.433
2025-05-05 10:00:00,4.453
2025-05-05 11:00:00,4.417
2025-05-05 12:00:00,4.343
2025-05-05 13:00:00,4.378
2025-05-05 14:00:00,4.411
2025-05-05 15:00:00,4.431
2025-05-05 16:00:00,4.403
2025-05-05 17:00:00,4.319
2025-05-05 18:00:00,4.297
2025-05-05 19:00:00,4.301
2025-05-05 20:00:00,4.371
2025-05-05 21:00:00,4.442
2025-05-05 22:00:00,4.530
2025-05-05 23:00:00,4.603
2025-05-06 00:00:00,4.682
2025-05-06 01:00:00,4.660
2025-05-06 02:00:00,4.619
2025-05-06 03:00:00,4.750
2025-05-06 04:00:00,4.645
2025-05-06 05:00:00,4.567
2025-05-06 06:00:00,4.529
2025-05-06 07:00:00,4.522
2025-05-06 08:00:00,4.541
2025-05-06 09:00:00,4.568
2025-05-06 10:00:00,4.715
2025-05-06 11:00:00,4.671
2025-05-06 12:00:00,4.804
2025-05-06 13:00:00,4.713
2025-05-06 14:00:00,4.714
2025-05-06 15:00:00,4.838
2025-05-06 16:00:00,4.900
2025-05-06 17:00:00,4.813
2025-05-06 18:00:00,4.786
2025-05-06 19:00:00,4.736
2025-05-06 20:00:00,4.710
2025-05-06 21:00:00,4.724
2025-05-06 22:00:00,4.702
2025-05-06 23:00:00,4.618
2025-05-07 00:00:00,4.620
2025-05-07 01:00:00,4.564
2025-05-07 02:00:00,4.567
2025-05-07 03:00:00,4.584
2025-05-07 04:00:00,4.648
2025-05-07 05:00:00,4.602
2025-05-07 06:00:00,4.555
2025-05-07 07:00:00,4.564
2025-05-07 08:00:00,4.518
2025-05-07 09:00:00,4.527
2025-05-07 10:00:00,4.560
2025-05-07 11:00:00,4.539
2025-05-07 12:00:00,4.503
2025-05-07 13:00:00,4.505
2025-05-07 14:00:00,4.522
2025-05-07 15:00:00,4.562
2025-05-07 16:00:00,4.557
2025-05-07 17:00:00,4.542
2025-05-07 18:00:00,4.418
2025-05-07 19:00:00,4.475
2025-05-07 20:00:00,4.474
2025-05-07 21:00:00,4.513
2025-05-07 22:00:00,4.555
2025-05-07 23:00:00,4.616
2025-05-08 00:00:00,4.545
2025-05-08 01:00:00,4.600
2025-05-08 02:00:00,4.619
2025-05-08 03:00:00,4.627
2025-05-08 04:00:00,4.586
2025-05-08 05:00:00,4.684
2025-05-08 06:00:00,4.592
2025-05-08 07:00:00,4.576
2025-05-08 08:00:00,4.516
2025-05-08 09:00:00,4.489
2025-05-08 10:00:00,4.488
2025-05-08 11:00:00,4.425
2025-05-08 12:00:00,4.400
2025-05-08 13:00:00,4.411
2025-05-08 14:00:00,4.571
2025-05-08 15:00:00,4.512
2025-05-08 16:00:00,4.517
2025-05-08 17:00:00,4.558
2025-05-08 18:00:00,4.458
2025-05-08 19:00:00,4.433
2025-05-08 20:00:00,4.381
2025-05-08 21:00:00,4.336
2025-05-08 22:00:00,4.276
2025-05-08 23:00:00,4.228
2025-05-09 00:00:00,4.185
2025-05-09 01:00:00,4.148
2025-05-09 02:00:00,4.076
2025-05-09 03:00:00,4.187
2025-05-09 04:00:00,4.233
2025-05-09 05:00:00,4.200
2025-05-09 06:00:00,4.341
2025-05-09 07:00:00,4.291
2025-05-09 08:00:00,4.309
2025-05-09 09:00:00,4.315
2025-05-09 10:00:00,4.385
2025-05-09 11:00:00,4.426
2025-05-09 12:00:00,4.383
2025-05-09 13:00:00,4.462
2025-05-09 14:00:00,4.559
2025-05-09 15:00:00,4.553
2025-05-09 16:00:00,4.549
2025-05-09 17:00:00,4.686
2025-05-09 18:00:00,4.687
2025-05-09 19:00:00,4.698
2025-05-09 20:00:00,4.819
2025-05-09 21:00:00,4.908
2025-05-09 22:00:00,4.687
2025-05-09 23:00:00,4.639
2025-05-10 00:00:00,4.574
2025-05-10 01:00:00,4.575
2025-05-10 02:00:00,4.441
2025-05-10 03:00:00,4.518
2025-05-10 04:00:00,4.509
2025-05-10 05:00:00,4.498
2025-05-10 06:00:00,4.504
2025-05-10 07:00:00,4.466
2025-05-10 08:00:00,4.536
2025-05-10 09:00:00,4.635
2025-05-10 10:00:00,4.652
2025-05-10 11:00:00,4.675
2025-05-10 12:00:00,4.688
2025-05-10 13:00:00,4.651
2025-05-10 14:00:00,4.661
2025-05-10 15:00:00,4.652
2025-05-10 16:00:00,4.760
2025-05-10 17:00:00,4.721
2025-05-10 18:00:00,4.896
2025-05-10 19:00:00,4.826
2025-05-10 20:00:00,4.823
2025-05-10 21:00:00,4.907
2025-05-10 22:00:00,4.950
2025-05-10 23:00:00,4.949
2025-05-11 00:00:00,5.004
2025-05-11 01:00:00,5.065
2025-05-11 02:00:00,5.027
2025-05-11 03:00:00,4.987
2025-05-11 04:00:00,4.957
2025-05-11 05:00:00,4.829
2025-05-11 06:00:00,4.848
2025-05-11 07:00:00,4.696
2025-05-11 08:00:00,4.673
2025-05-11 09:00:00,4.640
2025-05-11 10:00:00,4.603
2025-05-11 11:00:00,4.684
2025-05-11 12:00:00,4.675
2025-05-11 13:00:00,4.654
2025-05-11 14:00:00,4.648
2025-05-11 15:00:00,4.652
2025-05-11 16:00:00,4.759
2025-05-11 17:00:00,4.762
2025-05-11 18:00:00,4.716
2025-05-11 19:00:00,4.565
2025-05-11 20:00:00,4.520
2025-05-11 21:00:00,4.529
2025-05-11 22:00:00,4.456
2025-05-11 23:00:00,4.435
2025-05-12 00:00:00,4.486
2025-05-12 01:00:00,4.474
2025-05-12 02:00:00,4.452
2025-05-12 03:00:00,4.567
2025-05-12 04:00:00,4.519
2025-05-12 05:00:00,4.498
2025-05-12 06:00:00,4.579
2025-05-12 07:00:00,4.547
2025-05-12 08:00:00,4.513
2025-05-12 09:00:00,4.497
2025-05-12 10:00:00,4.552
2025-05-12 11:00:00,4.578
2025-05-12 12:00:00,4.452
2025-05-12 13:00:00,4.338
2025-05-12 14:00:00,4.223
2025-05-12 15:00:00,4.283
2025-05-12 16:00:00,4.345
2025-05-12 17:00:00,4.381
2025-05-12 18:00:00,4.431
2025-05-12 19:00:00,4.536
2025-05-12 20:00:00,4.548
2025-05-12 21:00:00,4.500
2025-05-12 22:00:00,4.497
2025-05-12 23:00:00,4.519
2025-05-13 00:00:00,4.587
2025-05-13 01:00:00,4.552
2025-05-13 02:00:00,4.466
2025-05-13 03:00:00,4.427
2025-05-13 04:00:00,4.540
2025-05-13 05:00:00,4.482
2025-05-13 06:00:00,4.595
2025-05-13 07:00:00,4.677
2025-05-13 08:00:00,4.987
2025-05-13 09:00:00,5.019
2025-05-13 10:00:00,5.037
2025-05-13 11:00:00,4.975
2025-05-13 12:00:00,4.865
2025-05-13 13:00:00,4.852
2025-05-13 14:00:00,4.835
2025-05-13 15:00:00,4.798
2025-05-13 16:00:00,4.826
2025-05-13 17:00:00,4.848
2025-05-13 18:00:00,4.767
2025-05-13 19:00:00,4.684
2025-05-13 20:00:00,4.719
2025-05-13 21:00:00,4.807
2025-05-13 22:00:00,4.677
2025-05-13 23:00:00,4.742
2025-05-14 00:00:00,4.738
2025-05-14 01:00:00,4.720
2025-05-14 02:00:00,4.704
2025-05-14 03:00:00,4.682
2025-05-14 04:00:00,4.747
2025-05-14 05:00:00,4.725
2025-05-14 06:00:00,4.703
2025-05-14 07:00:00,4.738
2025-05-14 08:00:00,4.862
2025-05-14 09:00:00,4.815
2025-05-14 10:00:00,4.900
2025-05-14 11:00:00,4.931
2025-05-14 12:00:00,4.890
2025-05-14 13:00:00,4.993
2025-05-14 14:00:00,4.944
2025-05-14 15:00:00,4.937
2025-05-14 16:00:00,5.056
2025-05-14 17:00:00,5.140
2025-05-14 18:00:00,5.170
2025-05-14 19:00:00,5.101
2025-05-14 20:00:00,5.122
2025-05-14 21:00:00,5.139
2025-05-14 22:00:00,5.122
2025-05-14 23:00:00,5.090
2025-05-15 00:00:00,5.081
2025-05-15 01:00:00,5.009
2025-05-15 02:00:00,4.993
2025-05-15 03:00:00,5.046
2025-05-15 04:00:00,4.930
2025-05-15 05:00:00,4.950
2025-05-15 06:00:00,4.971
2025-05-15 07:00:00,4.930
2025-05-15 08:00:00,4.994
2025-05-15 09:00:00,4.941
2025-05-15 10:00:00,5.054
2025-05-15 11:00:00,4.998
2025-05-15 12:00:00,4.973
2025-05-15 13:00:00,4.829
2025-05-15 14:00:00,4.795
2025-05-15 15:00:00,4.821
2025-05-15 16:00:00,4.843
2025-05-15 17:00:00,4.820
2025-05-15 18:00:00,4.825
2025-05-15 19:00:00,4.860
2025-05-15 20:00:00,4.896
2025-05-15 21:00:00,4.884
2025-05-15 22:00:00,4.844
2025-05-15 23:00:00,4.790
2025-05-16 00:00:00,4.841
2025-05-16 01:00:00,4.944
2025-05-16 02:00:00,4.780
2025-05-16 03:00:00,4.784
2025-05-16 04:00:00,4.858
2025-05-16 05:00:00,4.855
2025-05-16 06:00:00,4.816
2025-05-16 07:00:00,4.861
2025-05-16 08:00:00,4.998
2025-05-16 09:00:00,5.010
2025-05-16 10:00:00,5.102
2025-05-16 11:00:00,5.068
2025-05-16 12:00:00,5.079
2025-05-16 13:00:00,5.118
2025-05-16 14:00:00,5.082
2025-05-16 15:00:00,4.959
2025-05-16 16:00:00,4.866
2025-05-16 17:00:00,4.881
2025-05-16 18:00:00,4.947
2025-05-16 19:00:00,5.010
2025-05-16 20:00:00,4.972
2025-05-16 21:00:00,4.847
2025-05-16 22:00:00,4.932
2025-05-16 23:00:00,4.948
2025-05-17 00:00:00,4.894
2025-05-17 01:00:00,4.871
2025-05-17 02:00:00,4.982
2025-05-17 03:00:00,4.961
2025-05-17 04:00:00,4.968
2025-05-17 05:00:00,4.967
2025-05-17 06:00:00,4.943
2025-05-17 07:00:00,4.992
2025-05-17 08:00:00,4.922
2025-05-17 09:00:00,4.974
2025-05-17 10:00:00,5.147
2025-05-17 11:00:00,5.161
2025-05-17 12:00:00,5.200
2025-05-17 13:00:00,5.192
2025-05-17 14:00:00,5.138
2025-05-17 15:00:00,5.137
2025-05-17 16:00:00,5.255
2025-05-17 17:00:00,5.239
2025-05-17 18:00:00,5.238
2025-05-17 19:00:00,5.206
2025-05-17 20:00:00,5.223
2025-05-17 21:00:00,5.228
2025-05-17 22:00:00,5.047
2025-05-17 23:00:00,5.077
2025-05-18 00:00:00,5.048
2025-05-18 01:00:00,5.029
2025-05-18 02:00:00,5.030
2025-05-18 03:00:00,5.049
2025-05-18 04:00:00,5.033
2025-05-18 05:00:00,5.030
2025-05-18 06:00:00,4.970
2025-05-18 07:00:00,5.064
2025-05-18 08:00:00,5.090
2025-05-18 09:00:00,5.140
2025-05-18 10:00:00,5.228
2025-05-18 11:00:00,5.210
2025-05-18 12:00:00,5.314
2025-05-18 13:00:00,5.369
2025-05-18 14:00:00,5.376
2025-05-18 15:00:00,5.403
2025-05-18 16:00:00,5.571
2025-05-18 17:00:00,5.665
2025-05-18 18:00:00,5.689
2025-05-18 19:00:00,5.628
2025-05-18 20:00:00,5.628
2025-05-18 21:00:00,5.605
2025-05-18 22:00:00,5.517
2025-05-18 23:00:00,5.435
2025-05-19 00:00:00,5.399
2025-05-19 01:00:00,5.371
2025-05-19 02:00:00,5.311
2025-05-19 03:00:00,5.268
2025-05-19 04:00:00,5.183
2025-05-19 05:00:00,5.203
2025-05-19 06:00:00,5.119
2025-05-19 07:00:00,5.096
2025-05-19 08:00:00,5.104
2025-05-19 09:00:00,5.000
2025-05-19 10:00:00,5.058
2025-05-19 11:00:00,5.100
2025-05-19 12:00:00,5.070
2025-05-19 13:00:00,5.068
2025-05-19 14:00:00,5.076
2025-05-19 15:00:00,5.035
2025-05-19 16:00:00,5.039
2025-05-19 17:00:00,5.119
2025-05-19 18:00:00,5.038
2025-05-19 19:00:00,5.023
2025-05-19 20:00:00,5.061
2025-05-19 21:00:00,5.148
2025-05-19 22:00:00,5.275
2025-05-19 23:00:00,5.337
2025-05-20 00:00:00,5.314
2025-05-20 01:00:00,5.234
2025-05-20 02:00:00,5.358
2025-05-20 03:00:00,5.170
2025-05-20 04:00:00,5.229
2025-05-20 05:00:00,5.262
2025-05-20 06:00:00,5.223
2025-05-20 07:00:00,5.228
2025-05-20 08:00:00,5.291
2025-05-20 09:00:00,5.227
2025-05-20 10:00:00,5.237
2025-05-20 11:00:00,5.208
2025-05-20 12:00:00,5.232
2025-05-20 13:00:00,5.180
2025-05-20 14:00:00,4.954
2025-05-20 15:00:00,5.007
2025-05-20 16:00:00,5.128
2025-05-20 18:00:00,5.002
2025-05-20 19:00:00,4.917
2025-05-20 20:00:00,4.762
2025-05-20 21:00:00,4.746
2025-05-20 22:00:00,4.703
2025-05-20 23:00:00,4.682
2025-05-21 00:00:00,4.765
2025-05-21 01:00:00,4.786
2025-05-21 02:00:00,4.830
2025-05-21 03:00:00,4.780
2025-05-21 04:00:00,4.702
2025-05-21 05:00:00,4.538
2025-05-21 06:00:00,4.536
2025-05-21 07:00:00,4.507
2025-05-21 08:00:00,4.539
2025-05-21 09:00:00,4.548
2025-05-21 10:00:00,4.451
2025-05-21 11:00:00,4.681
2025-05-21 12:00:00,4.610
2025-05-21 13:00:00,4.634
2025-05-21 14:00:00,4.668
2025-05-21 15:00:00,4.671
2025-05-21 16:00:00,4.649
2025-05-21 17:00:00,4.653
2025-05-21 18:00:00,4.663
2025-05-21 19:00:00,4.650
2025-05-21 20:00:00,4.665
2025-05-21 21:00:00,4.570
2025-05-21 22:00:00,4.590
2025-05-21 23:00:00,4.521
2025-05-22 00:00:00,4.630
2025-05-22 01:00:00,4.711
2025-05-22 02:00:00,4.715
2025-05-22 03:00:00,4.769
2025-05-22 04:00:00,4.740
2025-05-22 05:00:00,4.877
2025-05-22 06:00:00,4.884
2025-05-22 07:00:00,4.862
2025-05-22 08:00:00,4.856
2025-05-22 09:00:00,4.744
2025-05-22 10:00:00,4.713
2025-05-22 11:00:00,4.883
2025-05-22 12:00:00,4.814
2025-05-22 13:00:00,4.792
2025-05-22 14:00:00,4.814
2025-05-22 15:00:00,4.804
2025-05-22 23:00:00,4.666
2025-05-23 00:00:00,4.660
2025-05-23 01:00:00,4.692
2025-05-23 02:00:00,4.679
2025-05-23 03:00:00,4.749
2025-05-23 04:00:00,4.943
2025-05-23 05:00:00,4.956
2025-05-23 06:00:00,5.058
2025-05-23 07:00:00,5.206
2025-05-23 08:00:00,5.300
2025-05-23 09:00:00,5.331
2025-05-23 10:00:00,5.415
2025-05-23 11:00:00,5.658
2025-05-23 12:00:00,5.659
2025-05-23 13:00:00,5.635
2025-05-23 14:00:00,5.600
2025-05-23 15:00:00,5.572
2025-05-23 16:00:00,5.536
2025-05-23 17:00:00,5.517
2025-05-23 18:00:00,5.539
2025-05-23 19:00:00,5.425
2025-05-23 20:00:00,5.387
2025-05-23 21:00:00,5.331
2025-05-23 22:00:00,5.308
2025-05-23 23:00:00,5.243
2025-05-24 00:00:00,5.151
2025-05-24 01:00:00,5.116
2025-05-24 02:00:00,5.200
2025-05-24 03:00:00,5.201
2025-05-24 04:00:00,5.220
2025-05-24 05:00:00,5.114
2025-05-24 06:00:00,5.038
2025-05-24 07:00:00,5.009
2025-05-24 08:00:00,5.008
2025-05-24 09:00:00,5.062
2025-05-24 10:00:00,5.137
2025-05-24 11:00:00,5.238
2025-05-24 12:00:00,5.288
2025-05-24 13:00:00,5.308
2025-05-24 14:00:00,5.483
2025-05-24 15:00:00,5.559
2025-05-24 16:00:00,5.609
2025-05-24 17:00:00,5.677
2025-05-24 18:00:00,5.836
2025-05-24 19:00:00,5.785
2025-05-24 20:00:00,5.821
2025-05-24 21:00:00,5.825
2025-05-24 22:00:00,5.807
2025-05-24 23:00:00,6.000
2025-05-25 00:00:00,6.030
2025-05-25 01:00:00,6.138
2025-05-25 02:00:00,6.214
2025-05-25 03:00:00,6.305
2025-05-25 04:00:00,6.255
2025-05-25 05:00:00,6.184
2025-05-25 06:00:00,6.132
2025-05-25 07:00:00,6.266
2025-05-25 08:00:00,6.251
2025-05-25 09:00:00,6.299
2025-05-25 10:00:00,6.329
2025-05-25 11:00:00,6.302
2025-05-25 12:00:00,6.296
2025-05-25 13:00:00,6.351
2025-05-25 14:00:00,6.396
2025-05-25 15:00:00,6.367
2025-05-25 16:00:00,6.386
2025-05-25 17:00:00,6.467
2025-05-25 18:00:00,6.421
2025-05-25 19:00:00,6.437
2025-05-25 20:00:00,6.493
2025-05-25 21:00:00,6.338
2025-05-25 22:00:00,6.327
2025-05-25 23:00:00,6.127
2025-05-26 00:00:00,6.184
2025-05-26 01:00:00,6.189
2025-05-26 02:00:00,6.249
2025-05-26 03:00:00,6.238
2025-05-26 04:00:00,6.308
2025-05-26 05:00:00,6.214
2025-05-26 06:00:00,6.298
2025-05-26 07:00:00,6.267
2025-05-26 08:00:00,6.393
2025-05-26 09:00:00,6.362
2025-05-26 10:00:00,6.349
2025-05-26 11:00:00,6.328
2025-05-26 12:00:00,6.236
2025-05-26 13:00:00,6.224
2025-05-26 14:00:00,6.212
2025-05-26 15:00:00,6.255
2025-05-26 16:00:00,6.127
2025-05-26 17:00:00,6.108
2025-05-26 18:00:00,6.116
2025-05-26 19:00:00,6.168
2025-05-26 20:00:00,6.157
2025-05-26 21:00:00,6.040
2025-05-26 22:00:00,6.072
2025-05-26 23:00:00,5.902
2025-05-27 00:00:00,5.909
2025-05-27 01:00:00,5.746
2025-05-27 02:00:00,5.790
2025-05-27 03:00:00,5.746
2025-05-27 04:00:00,5.734
2025-05-27 05:00:00,5.675
2025-05-27 06:00:00,5.760
2025-05-27 07:00:00,5.683
2025-05-27 08:00:00,5.692
2025-05-27 09:00:00,5.665
2025-05-27 10:00:00,5.800
2025-05-27 11:00:00,5.747
2025-05-27 12:00:00,5.785
2025-05-27 13:00:00,5.830
2025-05-27 14:00:00,5.921
2025-05-27 15:00:00,5.881
2025-05-27 16:00:00,5.848
2025-05-27 17:00:00,5.863
2025-05-27 18:00:00,5.664
2025-05-27 19:00:00,5.720
2025-05-27 20:00:00,5.607
2025-05-27 21:00:00,5.710
2025-05-27 22:00:00,5.650
2025-05-27 23:00:00,5.580
2025-05-28 00:00:00,5.611
2025-05-28 01:00:00,5.405
2025-05-28 02:00:00,5.408
2025-05-28 03:00:00,5.354
2025-05-28 04:00:00,5.383
2025-05-28 05:00:00,5.298
2025-05-28 06:00:00,5.329
2025-05-28 07:00:00,5.322
2025-05-28 08:00:00,5.250
2025-05-28 09:00:00,5.173
2025-05-28 10:00:00,5.097
2025-05-28 11:00:00,4.962
2025-05-28 12:00:00,4.923
2025-05-28 13:00:00,4.871
2025-05-28 14:00:00,4.905
2025-05-28 15:00:00,4.892
2025-05-28 16:00:00,4.895
2025-05-28 17:00:00,4.870
2025-05-28 18:00:00,4.910
2025-05-28 19:00:00,4.839
2025-05-28 20:00:00,4.810
2025-05-28 21:00:00,4.705
2025-05-28 22:00:00,4.640
2025-05-28 23:00:00,4.724
2025-05-29 00:00:00,4.735
2025-05-29 01:00:00,4.637
2025-05-29 02:00:00,4.513
2025-05-29 03:00:00,4.446
2025-05-29 04:00:00,4.365
2025-05-29 05:00:00,4.340
2025-05-29 06:00:00,4.423
2025-05-29 07:00:00,4.436
2025-05-29 08:00:00,4.455
2025-05-29 09:00:00,4.438
2025-05-29 10:00:00,4.425
2025-05-29 11:00:00,4.365
2025-05-29 12:00:00,4.511
2025-05-29 13:00:00,4.556
2025-05-29 14:00:00,4.459
2025-05-29 15:00:00,4.391
2025-05-29 16:00:00,4.469
2025-05-29 17:00:00,4.562
2025-05-29 18:00:00,4.596
2025-05-29 19:00:00,4.531
2025-05-29 20:00:00,4.647
2025-05-29 21:00:00,4.694
2025-05-29 22:00:00,4.869
2025-05-29 23:00:00,4.833
2025-05-30 00:00:00,4.887
2025-05-30 01:00:00,4.969
2025-05-30 02:00:00,5.011
2025-05-30 03:00:00,5.007
2025-05-30 04:00:00,5.082
2025-05-30 05:00:00,5.049
2025-05-30 06:00:00,5.005
2025-05-30 07:00:00,4.950
2025-05-30 08:00:00,5.057
2025-05-30 09:00:00,4.982
2025-05-30 10:00:00,5.134
2025-05-30 11:00:00,5.079
2025-05-30 12:00:00,5.062
2025-05-30 13:00:00,5.016
2025-05-30 14:00:00,5.020
2025-05-30 15:00:00,5.029
2025-05-30 16:00:00,5.084
2025-05-30 17:00:00,5.024
2025-05-30 18:00:00,5.054
2025-05-30 19:00:00,4.926
2025-05-30 20:00:00,4.894
2025-05-30 21:00:00,4.793
2025-05-30 22:00:00,4.815
2025-05-30 23:00:00,4.779
2025-05-31 00:00:00,4.704
2025-05-31 01:00:00,4.728
2025-05-31 02:00:00,4.750
2025-05-31 03:00:00,4.749
2025-05-31 04:00:00,4.769
2025-05-31 05:00:00,4.891
2025-05-31 06:00:00,4.829
2025-05-31 07:00:00,4.764
2025-05-31 08:00:00,4.824
2025-05-31 09:00:00,4.845
2025-05-31 10:00:00,4.810
2025-05-31 11:00:00,4.908
2025-05-31 12:00:00,4.785
2025-05-31 13:00:00,4.676
2025-05-31 14:00:00,4.684
2025-05-31 15:00:00,4.739
2025-05-31 16:00:00,4.824
2025-05-31 17:00:00,4.811
2025-05-31 18:00:00,4.866
2025-05-31 19:00:00,4.908
2025-05-31 20:00:00,5.012
2025-05-31 21:00:00,4.913
2025-05-31 22:00:00,4.874
2025-05-31 23:00:00,4.774
2025-06-01 00:00:00,4.862
2025-06-01 01:00:00,4.737
2025-06-01 02:00:00,4.754
2025-06-01 03:00:00,4.842
2025-06-01 04:00:00,4.793
2025-06-01 05:00:00,4.814
2025-06-01 06:00:00,4.784
2025-06-01 07:00:00,4.752
2025-06-01 08:00:00,4.722
2025-06-01 09:00:00,4.854
2025-06-01 10:00:00,4.907
2025-06-01 11:00:00,4.952
2025-06-01 12:00:00,4.933
2025-06-01 13:00:00,4.895
2025-06-01 14:00:00,4.906
2025-06-01 15:00:00,4.905
2025-06-01 16:00:00,4.819
2025-06-01 17:00:00,4.801
2025-06-01 18:00:00,4.809
2025-06-01 19:00:00,4.854
2025-06-01 20:00:00,4.837
2025-06-01 21:00:00,4.912
2025-06-01 22:00:00,4.883
2025-06-01 23:00:00,4.866
2025-06-02 00:00:00,4.893
2025-06-02 01:00:00,4.745
2025-06-02 02:00:00,4.782
2025-06-02 03:00:00,4.845
2025-06-02 04:00:00,4.883
2025-06-02 05:00:00,4.893
2025-06-02 06:00:00,4.905
